1	10.76
2	10.68
3	10.47
4	9.962
5	9.676
6	9.479
7	9.307
8	9.377
9	8.93
10	8.686
11	8.382
12	8.152
13	8.22
14	8.265
15	8.042
16	7.838
17	7.46
18	7.461
19	7.33
20	7.199
21	7.043
22	6.716
23	6.527
24	6.467
25	6.336
26	6.221
27	5.951
28	5.741
29	5.503
30	5.387
31	5.233
32	5.215
33	5.192
34	5.134
35	4.967
36	4.857
37	4.669
38	4.644
39	4.472
40	4.461
41	4.369
42	4.238
43	4.249
44	4.13
45	4.103
46	3.967
47	3.811
48	3.767
49	3.66
50	3.598
51	3.562
52	3.526
53	3.439
54	3.397
55	3.355
56	3.224
57	3.167
58	3.029
59	2.941
60	2.893
61	2.78
62	2.761
63	2.775
64	2.682
65	2.58
66	2.542
67	2.485
68	2.487
69	2.383
70	2.311
71	2.203
72	2.172
73	2.158
74	2.138
75	2.107
76	2.068
77	1.983
78	2.007
79	1.963
80	1.913
81	1.872
82	1.867
83	1.826
84	1.795
85	1.842
86	1.804
87	1.795
88	1.735
89	1.694
90	1.676
91	1.656
92	1.645
93	1.622
94	1.566
95	1.569
96	1.61
97	1.503
98	1.542
99	1.522
100	1.486
101	1.486
102	1.47
103	1.447
104	1.412
105	1.408
106	1.342
107	1.253
108	1.246
109	1.267
110	1.192
111	1.209
112	1.221
113	1.189
114	1.147
115	1.115
116	1.147
117	1.125
118	1.122
119	1.152
120	1.132
121	1.132
122	1.087
123	1.086
124	1.059
125	1.105
126	1.106
127	1.056
128	1.019
129	1.042
130	1.021
131	1.017
132	0.9916
133	1.029
134	1.036
135	1.057
136	1.076
137	1.055
138	1.073
139	1.036
140	0.9991
141	0.9773
142	0.9984
143	0.9856
144	0.9457
145	0.9362
146	0.9231
147	0.9232
148	0.9563
149	0.9416
150	0.9084
151	0.8937
152	0.8821
153	0.8928
154	0.8823
155	0.8826
156	0.9017
157	0.885
158	0.9038
159	0.9359
160	0.8861
161	0.8766
162	0.9136
163	0.9198
164	0.8915
165	0.87
166	0.8974
167	0.8582
168	0.8364
169	0.8386
170	0.846
171	0.8341
172	0.8083
173	0.8008
174	0.7827
175	0.7724
176	0.7624
177	0.775
178	0.7964
179	0.8154
180	0.7971
181	0.7721
182	0.7817
183	0.7649
184	0.7507
185	0.7607
186	0.7719
187	0.7562
188	0.7541
189	0.7414
190	0.7147
191	0.7281
192	0.738
193	0.7372
194	0.7304
195	0.7552
196	0.769
197	0.7505
198	0.746
199	0.7629
200	0.7394
201	0.7744
202	0.7849
203	0.8093
204	0.8393
205	0.8458
206	0.8439
207	0.8576
208	0.8662
209	0.8694
210	0.8615
211	0.8653
212	0.8791
213	0.9
214	0.8903
215	0.8684
216	0.8351
217	0.8265
218	0.8097
219	0.84
220	0.8488
221	0.8149
222	0.8195
223	0.8235
224	0.8305
225	0.8466
226	0.8466
227	0.8606
228	0.8524
229	0.8573
230	0.8413
231	0.8164
232	0.8113
233	0.791
234	0.771
235	0.7699
236	0.7779
237	0.769
238	0.7477
239	0.7702
240	0.8003
241	0.7743
242	0.8045
243	0.7907
244	0.7108
245	0.7254
246	0.7572
247	0.7965
248	0.7823
249	0.8148
250	0.8171
251	0.8558
252	0.8304
253	0.8278
254	0.801
255	0.8202
256	0.8012
257	0.7469
258	0.7292
259	0.7291
260	0.705
261	0.6526
262	0.6503
263	0.6792
264	0.6772
265	0.6892
266	0.7311
267	0.7099
268	0.6869
269	0.6716
270	0.6542
271	0.6762
272	0.7333
273	0.7066
274	0.7051
275	0.7071
276	0.6897
277	0.6655
278	0.6611
279	0.6679
280	0.6619
281	0.6581
282	0.6611
283	0.6463
284	0.6158
285	0.6384
286	0.6598
287	0.6531
288	0.6668
289	0.6996
290	0.673
291	0.6909
292	0.7177
293	0.7634
294	0.7893
295	0.8223
296	0.8259
297	0.8619
298	0.8703
299	0.859
300	0.8794
301	0.8636
302	0.9104
303	0.8678
304	0.9166
305	0.8798
306	0.9056
307	0.8811
308	0.881
309	0.8554
310	0.8538
311	0.8695
312	0.8519
313	0.8647
314	0.8566
315	0.8453
316	0.8263
317	0.8229
318	0.7859
319	0.7566
320	0.783
321	0.7734
322	0.7594
323	0.7422
324	0.7464
325	0.7962
326	0.8031
327	0.803
328	0.8103
329	0.7951
330	0.8586
331	0.8773
332	0.807
333	0.8395
334	0.8103
335	0.7308
336	0.7441
337	0.7399
338	0.7856
339	0.7931
340	0.7594
341	0.7417
342	0.7309
343	0.7161
344	0.7087
345	0.7244
346	0.726
347	0.716
348	0.6885
349	0.7596
350	0.7881
351	0.7503
352	0.7085
353	0.7446
354	0.7702
355	0.7661
356	0.7836
357	0.7558
358	0.7541
359	0.7905
360	0.7593
361	0.7495
362	0.6901
363	0.7051
364	0.6961
365	0.7129
366	0.7521
367	0.7557
368	0.757
369	0.7522
370	0.7608
371	0.7005
372	0.6886
373	0.6906
374	0.6709
375	0.7073
376	0.702
377	0.6954
378	0.7012
379	0.7279
380	0.7982
381	0.8478
382	0.8364
383	0.88
384	0.9047
385	0.8921
386	0.8656
387	0.8353
388	0.7858
389	0.8258
390	0.832
391	0.8318
392	0.8333
393	0.8088
394	0.8159
395	0.7896
396	0.785
397	0.8065
398	0.7815
399	0.801
400	0.812
401	0.8064
402	0.8015
403	0.7536
404	0.7311
405	0.7674
406	0.7973
407	0.7802
408	0.7337
409	0.7312
410	0.721
411	0.7425
412	0.7282
413	0.7205
414	0.744
415	0.7211
416	0.7714
417	0.7953
418	0.8415
419	0.8601
420	0.8533
421	0.8258
422	0.8004
423	0.8223
424	0.8209
425	0.7817
426	0.7802
427	0.7378
428	0.7491
429	0.7956
430	0.7902
431	0.7824
432	0.7797
433	0.7856
434	0.7564
435	0.7629
436	0.7892
437	0.7981
438	0.7797
439	0.7958
440	0.8175
441	0.7994
442	0.7917
443	0.7897
444	0.8105
445	0.8309
446	0.8388
447	0.8158
448	0.835
449	0.8245
450	0.8673
451	0.8664
452	0.8264
453	0.7991
454	0.7766
455	0.7877
456	0.7738
457	0.7795
458	0.7863
459	0.7784
460	0.8183
461	0.8342
462	0.8347
463	0.8565
464	0.8841
465	0.8568
466	0.8401
467	0.817
468	0.8217
469	0.859
470	0.8916
471	0.9244
472	0.9263
473	0.935
474	0.9195
475	0.9278
476	0.9548
477	0.9469
478	0.9381
479	0.9397
480	0.9805
481	0.9937
482	0.962
483	0.9268
484	0.9194
485	0.9468
486	0.8966
487	0.884
488	0.8286
489	0.8945
490	0.8928
491	0.8651
492	0.8253
493	0.8172
494	0.8462
495	0.8284
496	0.8084
497	0.7851
498	0.7753
499	0.783
500	0.8073
501	0.823
502	0.8332
503	0.8306
504	0.8375
505	0.8036
506	0.7942
507	0.7803
508	0.7788
509	0.791
510	0.7897
511	0.7593
512	0.7693
513	0.7411
514	0.7645
515	0.7648
516	0.8171
517	0.8528
518	0.8724
519	0.9048
520	0.8711
521	0.8381
522	0.8218
523	0.8075
524	0.7969
525	0.8202
526	0.8733
527	0.876
528	0.8725
529	0.8198
530	0.8392
531	0.8204
532	0.8322
533	0.8379
534	0.8454
535	0.8149
536	0.8133
537	0.8487
538	0.8698
539	0.8528
540	0.889
541	0.8954
542	0.907
543	0.8334
544	0.8246
545	0.8035
546	0.79
547	0.7628
548	0.7219
549	0.7375
550	0.7439
551	0.7098
552	0.6756
553	0.6615
554	0.6331
555	0.6467
556	0.6456
557	0.6328
558	0.6578
559	0.6932
560	0.7079
561	0.6916
562	0.6827
563	0.629
564	0.5806
565	0.5736
566	0.6083
567	0.6471
568	0.6138
569	0.6264
570	0.6556
571	0.6315
572	0.6689
573	0.6735
574	0.6729
575	0.7026
576	0.6227
577	0.6511
578	0.5866
579	0.6517
580	0.6939
581	0.6553
582	0.6552
583	0.6848
584	0.6605
585	0.6223
586	0.6088
587	0.6222
588	0.6443
589	0.6202
590	0.6684
591	0.6797
592	0.7237
593	0.7028
594	0.68
595	0.6715
596	0.7001
597	0.6808
598	0.6864
599	0.6955
600	0.7105
601	0.6922
602	0.685
603	0.7084
604	0.7177
605	0.7324
606	0.7692
607	0.7722
608	0.7775
609	0.7883
610	0.819
611	0.7946
612	0.7678
613	0.821
614	0.7909
615	0.8067
616	0.8192
617	0.839
618	0.8184
619	0.8707
620	0.9102
621	0.9346
622	0.9221
623	0.9567
624	0.9521
625	0.9541
626	0.9522
627	0.9674
628	0.9396
629	0.9185
630	0.8999
631	0.8995
632	0.9184
633	0.9217
634	0.9122
635	0.9043
636	0.9063
637	0.9335
638	0.9407
639	0.8962
640	0.8965
641	0.9052
642	0.8411
643	0.8823
644	0.8743
645	0.8916
646	0.8963
647	0.905
648	0.9013
649	0.9057
650	0.912
651	0.9107
652	0.9065
653	0.8852
654	0.8995
655	0.9069
656	0.8619
657	0.8348
658	0.8642
659	0.8862
660	0.9004
661	0.9201
662	0.9519
663	0.9405
664	0.9183
665	0.9376
666	0.9416
667	0.9553
668	0.9245
669	0.9183
670	0.8876
671	0.9125
672	0.9392
673	0.9434
674	0.9558
675	0.9733
676	0.9544
677	1.007
678	0.9834
679	0.9817
680	0.9892
681	1.017
682	0.9753
683	0.9835
684	0.9755
685	1.006
686	0.9999
687	1.009
688	0.9633
689	0.9545
690	0.9384
691	0.9591
692	0.9512
693	0.9801
694	0.9807
695	0.9722
696	0.9913
697	0.9893
698	0.9606
699	0.984
700	0.997
701	0.9619
702	0.9704
703	0.947
704	0.9948
705	0.9672
706	0.9999
707	1.011
708	1.01
709	0.9513
710	0.9181
711	0.9421
712	0.8886
713	0.8834
714	0.8787
715	0.8953
716	0.9487
717	0.9731
718	1.003
719	0.9855
720	0.9817
721	0.9711
722	0.9342
723	0.9436
724	1.012
725	0.9338
726	0.9362
727	0.9052
728	0.9016
729	0.8853
730	0.8706
731	0.8304
732	0.8242
733	0.851
734	0.8216
735	0.7705
736	0.7768
737	0.8356
738	0.813
739	0.7811
740	0.7553
741	0.8066
742	0.8554
743	0.8719
744	0.8396
745	0.7965
746	0.795
747	0.7701
748	0.7618
749	0.7545
750	0.7688
751	0.8104
752	0.7998
753	0.8081
754	0.7974
755	0.8204
756	0.8296
757	0.8029
758	0.8322
759	0.859
760	0.8234
761	0.7983
762	0.7712
763	0.7699
764	0.7758
765	0.7402
766	0.6822
767	0.6683
768	0.6458
769	0.6364
770	0.694
771	0.7138
772	0.7698
773	0.7816
774	0.8117
775	0.7879
776	0.8129
777	0.8703
778	0.8448
779	0.8078
780	0.8463
781	0.8345
782	0.8065
783	0.8449
784	0.8183
785	0.8627
786	0.8704
787	0.8479
788	0.8767
789	0.8451
790	0.8458
791	0.8388
792	0.7969
793	0.8101
794	0.8157
795	0.7891
796	0.7602
797	0.8241
798	0.8288
799	0.8217
800	0.8199
801	0.8273
802	0.8215
803	0.8071
804	0.8563
805	0.8605
806	0.8713
807	0.8679
808	0.8711
809	0.8666
810	0.8616
811	0.866
812	0.8706
813	0.8566
814	0.922
815	0.9072
816	0.9249
817	0.9195
818	0.896
819	0.8882
820	0.9234
821	0.9149
822	0.9011
823	0.8719
824	0.9177
825	0.9062
826	0.9478
827	0.9736
828	0.9357
829	0.9266
830	0.9191
831	0.8923
832	0.94
833	0.8965
834	0.8776
835	0.8322
836	0.8544
837	0.8824
838	0.836
839	0.8066
840	0.8534
841	0.861
842	0.8278
843	0.8453
844	0.874
845	0.9022
846	0.8578
847	0.8785
848	0.8685
849	0.8517
850	0.8217
851	0.7716
852	0.7763
853	0.7687
854	0.7517
855	0.7149
856	0.7182
857	0.7262
858	0.7399
859	0.7501
860	0.7226
861	0.7044
862	0.7166
863	0.7029
864	0.7431
865	0.745
866	0.7843
867	0.76
868	0.7651
869	0.7791
870	0.7372
871	0.7361
872	0.7883
873	0.8122
874	0.7954
875	0.7797
876	0.7812
877	0.7848
878	0.8026
879	0.7926
880	0.7984
881	0.8661
882	0.8916
883	0.9003
884	0.8704
885	0.9087
886	0.9167
887	0.8716
888	0.853
889	0.841
890	0.8296
891	0.8116
892	0.8232
893	0.805
894	0.8195
895	0.7889
896	0.8197
897	0.8289
898	0.8358
899	0.8722
900	0.8827
901	0.9259
902	0.933
903	0.9193
904	0.9483
905	0.948
906	0.9541
907	0.9628
908	0.9444
909	0.9662
910	1.021
911	1.052
912	1.049
913	1.057
914	0.996
915	0.9966
916	1.012
917	1.013
918	0.9851
919	0.9653
920	0.9633
921	0.944
922	0.9562
923	0.9445
924	0.964
925	0.9495
926	0.9368
927	0.9687
928	0.9677
929	0.9321
930	0.9097
931	0.9034
932	0.8792
933	0.8833
934	0.8721
935	0.8831
936	0.8996
937	0.8844
938	0.8784
939	0.9044
940	0.9619
941	1.028
942	0.9936
943	0.9303
944	0.933
945	0.9268
946	0.9323
947	0.9226
948	0.9596
949	0.9183
950	0.9135
951	0.9568
952	0.939
953	0.932
954	0.9739
955	0.9401
956	0.9044
957	0.972
958	0.9076
959	0.9074
960	0.9042
961	0.8875
962	0.9363
963	0.9148
964	0.9087
965	0.8955
966	0.9037
967	0.914
968	0.9248
969	0.9125
970	0.9095
971	0.923
972	0.9091
973	0.9377
974	0.9403
975	0.9222
976	0.8555
977	0.8748
978	0.8137
979	0.7722
980	0.7316
981	0.7186
982	0.7544
983	0.7607
984	0.7711
985	0.7799
986	0.801
987	0.8123
988	0.8202
989	0.8717
990	0.8411
991	0.8302
992	0.8179
993	0.8544
994	0.8912
995	0.8372
996	0.883
997	0.8498
998	0.8896
999	0.8741
1000	0.8677
1001	0.8734
1002	0.8231
1003	0.8164
1004	0.8076
1005	0.8253
1006	0.8283
1007	0.8164
1008	0.8688
1009	0.9017
1010	0.9144
1011	0.8741
1012	0.8801
1013	0.8599
1014	0.8787
1015	0.8838
1016	0.8827
1017	0.8735
1018	0.8247
1019	0.8226
1020	0.8294
1021	0.8431
1022	0.8184
1023	0.8198
1024	0.8082
1025	0.8051
1026	0.8365
1027	0.8632
1028	0.8166
1029	0.8119
1030	0.8125
1031	0.8454
1032	0.8315
1033	0.8225
1034	0.7906
1035	0.8023
1036	0.8068
1037	0.8141
1038	0.8445
1039	0.8605
1040	0.8738
1041	0.8642
1042	0.8823
1043	0.9053
1044	0.9313
1045	0.9092
1046	0.958
1047	0.9798
1048	1.015
1049	0.9905
1050	0.9417
1051	0.935
1052	0.891
1053	0.9256
1054	0.8757
1055	0.8289
1056	0.7699
1057	0.7349
1058	0.7182
1059	0.7251
1060	0.7227
1061	0.7629
1062	0.7339
1063	0.7055
1064	0.6315
1065	0.643
1066	0.6274
1067	0.6215
1068	0.6011
1069	0.6235
1070	0.618
1071	0.6294
1072	0.6374
1073	0.6095
1074	0.5915
1075	0.5656
1076	0.5937
1077	0.6
1078	0.605
1079	0.6289
1080	0.6578
1081	0.6728
1082	0.6989
1083	0.6927
1084	0.6823
1085	0.6555
1086	0.6871
1087	0.6633
1088	0.6621
1089	0.6918
1090	0.6872
1091	0.7399
1092	0.7228
1093	0.6933
1094	0.6827
1095	0.6878
1096	0.7007
1097	0.6538
1098	0.6754
1099	0.7063
1100	0.7141
1101	0.7248
1102	0.7217
1103	0.7231
1104	0.6929
1105	0.6104
1106	0.6317
1107	0.6288
1108	0.6332
1109	0.6493
1110	0.655
1111	0.6721
1112	0.6569
1113	0.6361
1114	0.6497
1115	0.6757
1116	0.6767
1117	0.7273
1118	0.8023
1119	0.7553
1120	0.7453
1121	0.7549
1122	0.7251
1123	0.7224
1124	0.6912
1125	0.6813
1126	0.6947
1127	0.6853
1128	0.6732
1129	0.6892
1130	0.6682
1131	0.6524
1132	0.6521
1133	0.6873
1134	0.6713
1135	0.7088
1136	0.7551
1137	0.7825
1138	0.7881
1139	0.8252
1140	0.8462
1141	0.8288
1142	0.8731
1143	0.8645
1144	0.8393
1145	0.8433
1146	0.806
1147	0.7627
1148	0.7802
1149	0.7918
1150	0.849
1151	0.8436
1152	0.8623
1153	0.8014
1154	0.8614
1155	0.8786
1156	0.9034
1157	0.9179
1158	0.9325
1159	0.9038
1160	0.9209
1161	0.8841
1162	0.8803
1163	0.9096
1164	0.9202
1165	0.9108
1166	0.8752
1167	0.8513
1168	0.8192
1169	0.816
1170	0.7584
1171	0.759
1172	0.7853
1173	0.792
1174	0.8016
1175	0.7995
1176	0.7557
1177	0.7459
1178	0.7497
1179	0.7446
1180	0.799
1181	0.7678
1182	0.7701
1183	0.7921
1184	0.8028
1185	0.7324
1186	0.683
1187	0.6827
1188	0.6637
1189	0.6736
1190	0.6841
1191	0.6867
1192	0.6802
1193	0.669
1194	0.6962
1195	0.7105
1196	0.7259
1197	0.7069
1198	0.6901
1199	0.6923
1200	0.6833
1201	0.7129
1202	0.7013
1203	0.711
1204	0.715
1205	0.7109
1206	0.712
1207	0.7742
1208	0.7859
1209	0.8319
1210	0.8824
1211	0.9216
1212	0.9438
1213	0.943
1214	0.9155
1215	0.9106
1216	0.8581
1217	0.8793
1218	0.945
1219	0.9701
1220	0.9663
1221	0.9463
1222	0.9265
1223	0.9516
1224	0.9148
1225	0.8951
1226	0.9046
1227	0.8838
1228	0.8508
1229	0.8033
1230	0.8349
1231	0.8409
1232	0.8176
1233	0.7969
1234	0.7985
1235	0.7883
1236	0.8031
1237	0.817
1238	0.7865
1239	0.7775
1240	0.8262
1241	0.8336
1242	0.8378
1243	0.8116
1244	0.8247
1245	0.8278
1246	0.8737
1247	0.8946
1248	0.8998
1249	0.861
1250	0.8594
1251	0.875
1252	0.8932
1253	0.9107
1254	0.8656
1255	0.7998
1256	0.8227
1257	0.7959
1258	0.7966
1259	0.8013
1260	0.7842
1261	0.7897
1262	0.78
1263	0.7845
1264	0.7613
1265	0.7692
1266	0.7755
1267	0.8104
1268	0.8016
1269	0.7643
1270	0.744
1271	0.6957
1272	0.7595
1273	0.7498
1274	0.7544
1275	0.7465
1276	0.7334
1277	0.7554
1278	0.7918
1279	0.7703
1280	0.7296
1281	0.7361
1282	0.7457
1283	0.7022
1284	0.7089
1285	0.718
1286	0.7232
1287	0.6831
1288	0.6793
1289	0.6176
1290	0.6276
1291	0.6276
1292	0.6206
1293	0.5915
1294	0.5439
1295	0.5868
1296	0.5391
1297	0.5391
1298	0.5706
1299	0.5484
1300	0.5329
1301	0.5426
1302	0.546
1303	0.5369
1304	0.521
1305	0.5638
1306	0.5787
1307	0.5901
1308	0.6393
1309	0.6795
1310	0.6837
1311	0.6979
1312	0.6885
1313	0.726
1314	0.6999
1315	0.6539
1316	0.6525
1317	0.6533
1318	0.6447
1319	0.622
1320	0.6574
1321	0.6659
1322	0.6631
1323	0.6738
1324	0.7044
1325	0.6935
1326	0.7162
1327	0.7378
1328	0.7167
1329	0.6789
1330	0.6945
1331	0.6856
1332	0.7008
1333	0.7096
1334	0.7093
1335	0.7023
1336	0.7194
1337	0.7063
1338	0.7369
1339	0.7335
1340	0.6931
1341	0.7084
1342	0.6838
1343	0.6724
1344	0.6599
1345	0.6661
1346	0.64
1347	0.6732
1348	0.7051
1349	0.7107
1350	0.6491
1351	0.673
1352	0.6509
1353	0.6554
1354	0.6391
1355	0.6252
1356	0.6398
1357	0.6105
1358	0.6551
1359	0.6605
1360	0.653
1361	0.6739
1362	0.6882
1363	0.6776
1364	0.6661
1365	0.687
1366	0.7132
1367	0.7322
1368	0.7489
1369	0.7611
1370	0.8049
1371	0.7649
1372	0.7812
1373	0.7924
1374	0.7361
1375	0.7141
1376	0.7061
1377	0.6717
1378	0.6286
1379	0.6474
1380	0.6559
1381	0.6503
1382	0.627
1383	0.6604
1384	0.6522
1385	0.6707
1386	0.6459
1387	0.641
1388	0.6205
1389	0.5971
1390	0.6324
1391	0.636
1392	0.5902
1393	0.5584
1394	0.566
1395	0.5438
1396	0.5508
1397	0.5212
1398	0.5897
1399	0.6035
1400	0.599
1401	0.5619
1402	0.5283
1403	0.5121
1404	0.5201
1405	0.5671
1406	0.5727
1407	0.5544
1408	0.5576
1409	0.5046
1410	0.4891
1411	0.5469
1412	0.5958
1413	0.6155
1414	0.6452
1415	0.6344
1416	0.646
1417	0.6586
1418	0.7031
1419	0.6812
1420	0.7108
1421	0.7198
1422	0.7115
1423	0.7215
1424	0.7423
1425	0.7402
1426	0.7788
1427	0.8117
1428	0.9076
1429	0.8838
1430	0.8652
1431	0.8687
1432	0.9159
1433	0.9191
1434	0.8968
1435	0.8995
1436	0.9315
1437	0.9099
1438	0.8614
1439	0.8644
1440	0.8286
1441	0.7989
1442	0.815
1443	0.7948
1444	0.8257
1445	0.84
1446	0.8017
1447	0.7905
1448	0.769
1449	0.7422
1450	0.7612
1451	0.7508
1452	0.7951
1453	0.8154
1454	0.8054
1455	0.7828
1456	0.7833
1457	0.804
1458	0.8243
1459	0.7946
1460	0.7915
1461	0.7773
1462	0.7464
1463	0.7376
1464	0.7124
1465	0.7143
1466	0.7163
1467	0.7495
1468	0.7542
1469	0.7512
1470	0.7261
1471	0.7554
1472	0.775
1473	0.7423
1474	0.7139
1475	0.7328
1476	0.7241
1477	0.6945
1478	0.6728
1479	0.6694
1480	0.6398
1481	0.6327
1482	0.6634
1483	0.6882
1484	0.7351
1485	0.7272
1486	0.7304
1487	0.714
1488	0.7557
1489	0.7533
1490	0.7119
1491	0.7304
1492	0.7087
1493	0.6795
1494	0.6967
1495	0.6841
1496	0.7035
1497	0.6732
1498	0.6566
1499	0.618
1500	0.6384
1	-0.3299
2	-0.3274
3	-0.3117
4	-0.2928
5	-0.2914
6	-0.2841
7	-0.279
8	-0.2703
9	-0.2597
10	-0.2503
11	-0.2386
12	-0.2355
13	-0.2348
14	-0.2357
15	-0.2291
16	-0.2142
17	-0.2076
18	-0.2103
19	-0.1991
20	-0.1988
21	-0.1833
22	-0.1765
23	-0.1693
24	-0.1703
25	-0.1673
26	-0.1584
27	-0.1458
28	-0.1379
29	-0.1314
30	-0.1271
31	-0.1245
32	-0.1226
33	-0.1198
34	-0.1186
35	-0.1114
36	-0.1064
37	-0.1028
38	-0.09941
39	-0.09614
40	-0.09586
41	-0.09228
42	-0.08776
43	-0.08711
44	-0.08431
45	-0.07993
46	-0.07475
47	-0.0715
48	-0.06951
49	-0.06543
50	-0.06221
51	-0.06302
52	-0.05998
53	-0.05819
54	-0.0551
55	-0.05198
56	-0.04861
57	-0.0467
58	-0.042
59	-0.03836
60	-0.03654
61	-0.03352
62	-0.03365
63	-0.03008
64	-0.02703
65	-0.02527
66	-0.02279
67	-0.02108
68	-0.01932
69	-0.01617
70	-0.01366
71	-0.01046
72	-0.01009
73	-0.01018
74	-0.007365
75	-0.006322
76	-0.00523
77	-0.004027
78	-0.003076
79	-0.001769
80	1.569E-4
81	0.001012
82	0.002272
83	0.002744
84	0.003033
85	0.002762
86	0.003669
87	0.005605
88	0.005842
89	0.008759
90	0.00842
91	0.008818
92	0.009758
93	0.01147
94	0.01136
95	0.01058
96	0.01193
97	0.01368
98	0.01289
99	0.01534
100	0.01453
101	0.01513
102	0.01556
103	0.017
104	0.01783
105	0.01954
106	0.0228
107	0.02445
108	0.02374
109	0.02524
110	0.02661
111	0.02587
112	0.02612
113	0.02759
114	0.02919
115	0.02819
116	0.02881
117	0.02875
118	0.02883
119	0.02887
120	0.02857
121	0.02973
122	0.02949
123	0.0304
124	0.03045
125	0.02917
126	0.02997
127	0.0317
128	0.03194
129	0.03221
130	0.0315
131	0.03368
132	0.03288
133	0.03269
134	0.03134
135	0.03043
136	0.03096
137	0.03112
138	0.03172
139	0.03249
140	0.03336
141	0.03376
142	0.03331
143	0.03459
144	0.03579
145	0.03594
146	0.03611
147	0.03614
148	0.03548
149	0.03671
150	0.03625
151	0.03791
152	0.03763
153	0.03773
154	0.03862
155	0.03734
156	0.03796
157	0.0384
158	0.03675
159	0.03671
160	0.03807
161	0.03693
162	0.03698
163	0.037
164	0.03731
165	0.03688
166	0.03861
167	0.03849
168	0.03953
169	0.03934
170	0.03907
171	0.03984
172	0.04023
173	0.04145
174	0.04133
175	0.0416
176	0.04126
177	0.04147
178	0.0405
179	0.03997
180	0.04212
181	0.04192
182	0.04196
183	0.04316
184	0.04326
185	0.04252
186	0.04129
187	0.04247
188	0.04246
189	0.04466
190	0.0439
191	0.04303
192	0.04302
193	0.04206
194	0.0422
195	0.04176
196	0.04243
197	0.04364
198	0.04232
199	0.04204
200	0.04251
201	0.04202
202	0.04049
203	0.0395
204	0.04001
205	0.04002
206	0.03868
207	0.03875
208	0.0387
209	0.03785
210	0.03791
211	0.03779
212	0.03785
213	0.03683
214	0.03835
215	0.03886
216	0.03985
217	0.0417
218	0.04059
219	0.03865
220	0.03872
221	0.04005
222	0.0397
223	0.03959
224	0.04031
225	0.03925
226	0.0386
227	0.0394
228	0.03887
229	0.03857
230	0.03881
231	0.04045
232	0.04085
233	0.0411
234	0.0424
235	0.0417
236	0.04201
237	0.04265
238	0.04332
239	0.04085
240	0.04215
241	0.04079
242	0.04118
243	0.04311
244	0.04405
245	0.04347
246	0.04242
247	0.04188
248	0.04067
249	0.03943
250	0.03998
251	0.0392
252	0.03918
253	0.04005
254	0.03999
255	0.04044
256	0.04108
257	0.04403
258	0.0438
259	0.04361
260	0.0454
261	0.0466
262	0.04577
263	0.04637
264	0.04488
265	0.04406
266	0.04345
267	0.04592
268	0.04589
269	0.04606
270	0.04696
271	0.04501
272	0.04435
273	0.04437
274	0.04483
275	0.04475
276	0.04634
277	0.04666
278	0.04594
279	0.0461
280	0.04626
281	0.04539
282	0.04627
283	0.04637
284	0.04777
285	0.04575
286	0.04637
287	0.04629
288	0.04479
289	0.04549
290	0.04559
291	0.04445
292	0.04301
293	0.04154
294	0.04037
295	0.03964
296	0.03913
297	0.03819
298	0.03875
299	0.03761
300	0.03896
301	0.03817
302	0.03771
303	0.03822
304	0.0368
305	0.03823
306	0.03754
307	0.03832
308	0.03896
309	0.03946
310	0.03891
311	0.03796
312	0.03821
313	0.03837
314	0.03804
315	0.03909
316	0.04042
317	0.04071
318	0.04242
319	0.04223
320	0.04118
321	0.04118
322	0.04237
323	0.0425
324	0.04195
325	0.04099
326	0.04041
327	0.04095
328	0.0395
329	0.03995
330	0.03829
331	0.03925
332	0.03928
333	0.0392
334	0.04126
335	0.04374
336	0.04244
337	0.04265
338	0.04161
339	0.0412
340	0.0416
341	0.04283
342	0.04385
343	0.04365
344	0.04439
345	0.04406
346	0.04393
347	0.04398
348	0.04441
349	0.04167
350	0.04206
351	0.04349
352	0.04367
353	0.04233
354	0.04282
355	0.04108
356	0.04222
357	0.04201
358	0.04168
359	0.04147
360	0.04276
361	0.04423
362	0.04431
363	0.04435
364	0.04469
365	0.04285
366	0.04271
367	0.04265
368	0.04174
369	0.04207
370	0.04443
371	0.0445
372	0.04441
373	0.04455
374	0.04445
375	0.04416
376	0.04451
377	0.04558
378	0.04428
379	0.04188
380	0.0407
381	0.03993
382	0.03846
383	0.03741
384	0.03759
385	0.03869
386	0.03944
387	0.03989
388	0.04005
389	0.04
390	0.04085
391	0.04017
392	0.03921
393	0.04007
394	0.0403
395	0.04153
396	0.0409
397	0.04105
398	0.04205
399	0.04094
400	0.03954
401	0.04092
402	0.04237
403	0.04298
404	0.04273
405	0.04158
406	0.04133
407	0.04232
408	0.04366
409	0.04546
410	0.04426
411	0.04289
412	0.044
413	0.04333
414	0.0444
415	0.04196
416	0.04111
417	0.04064
418	0.03916
419	0.03854
420	0.03954
421	0.04033
422	0.04017
423	0.03989
424	0.0407
425	0.0416
426	0.04197
427	0.04381
428	0.04251
429	0.04102
430	0.04132
431	0.04155
432	0.04084
433	0.04181
434	0.04172
435	0.04071
436	0.04161
437	0.04186
438	0.04144
439	0.04017
440	0.04036
441	0.04213
442	0.04079
443	0.03992
444	0.03946
445	0.03961
446	0.03962
447	0.03977
448	0.03964
449	0.03878
450	0.03806
451	0.03895
452	0.0399
453	0.04171
454	0.0421
455	0.04168
456	0.0421
457	0.04167
458	0.04161
459	0.04113
460	0.0387
461	0.03942
462	0.03963
463	0.03733
464	0.03748
465	0.03893
466	0.04008
467	0.04085
468	0.03905
469	0.03784
470	0.03762
471	0.03629
472	0.03621
473	0.03677
474	0.03664
475	0.036
476	0.03491
477	0.03544
478	0.03565
479	0.03509
480	0.03361
481	0.0339
482	0.03494
483	0.03627
484	0.03614
485	0.03556
486	0.03835
487	0.03867
488	0.03882
489	0.0375
490	0.0375
491	0.03893
492	0.04105
493	0.03951
494	0.03889
495	0.04032
496	0.04081
497	0.04174
498	0.04108
499	0.04097
500	0.04031
501	0.03949
502	0.04031
503	0.03894
504	0.04
505	0.04031
506	0.041
507	0.04159
508	0.0421
509	0.04204
510	0.04196
511	0.0424
512	0.04206
513	0.04305
514	0.04174
515	0.04065
516	0.03982
517	0.03971
518	0.03796
519	0.03726
520	0.03861
521	0.03991
522	0.04051
523	0.04043
524	0.04106
525	0.04002
526	0.03819
527	0.03778
528	0.03897
529	0.03976
530	0.0396
531	0.03985
532	0.04036
533	0.03926
534	0.03911
535	0.04019
536	0.03866
537	0.03905
538	0.03848
539	0.03758
540	0.03706
541	0.03778
542	0.03802
543	0.03944
544	0.04018
545	0.0416
546	0.042
547	0.04304
548	0.04342
549	0.04242
550	0.04304
551	0.04439
552	0.04641
553	0.0464
554	0.04689
555	0.0465
556	0.0469
557	0.04601
558	0.04485
559	0.04434
560	0.0443
561	0.04498
562	0.04593
563	0.04868
564	0.04929
565	0.04824
566	0.04702
567	0.04712
568	0.0479
569	0.04761
570	0.0458
571	0.04637
572	0.04526
573	0.04481
574	0.04501
575	0.04608
576	0.04709
577	0.0488
578	0.04658
579	0.04481
580	0.04478
581	0.04654
582	0.04545
583	0.04556
584	0.04726
585	0.04782
586	0.04749
587	0.04702
588	0.04762
589	0.04726
590	0.04531
591	0.04485
592	0.04428
593	0.04494
594	0.04559
595	0.04539
596	0.04483
597	0.04494
598	0.04462
599	0.04394
600	0.04367
601	0.04471
602	0.04506
603	0.04383
604	0.04409
605	0.04297
606	0.04142
607	0.04199
608	0.04124
609	0.04091
610	0.0404
611	0.04177
612	0.04121
613	0.04064
614	0.04194
615	0.04086
616	0.04008
617	0.03851
618	0.03917
619	0.03788
620	0.03607
621	0.03585
622	0.03559
623	0.03502
624	0.03453
625	0.0351
626	0.03447
627	0.03521
628	0.03592
629	0.03718
630	0.03696
631	0.03679
632	0.03644
633	0.03533
634	0.03707
635	0.03643
636	0.03638
637	0.0358
638	0.03597
639	0.03692
640	0.0367
641	0.0387
642	0.03883
643	0.0377
644	0.03729
645	0.03815
646	0.03716
647	0.03704
648	0.03652
649	0.03674
650	0.03754
651	0.03694
652	0.03713
653	0.03737
654	0.03734
655	0.0379
656	0.0389
657	0.0388
658	0.03879
659	0.03811
660	0.03669
661	0.03601
662	0.03593
663	0.03653
664	0.03659
665	0.03614
666	0.03585
667	0.03517
668	0.03703
669	0.0375
670	0.0379
671	0.03575
672	0.03594
673	0.03513
674	0.03412
675	0.03527
676	0.03335
677	0.03382
678	0.03406
679	0.03428
680	0.03369
681	0.03383
682	0.03328
683	0.03403
684	0.03403
685	0.03188
686	0.03392
687	0.03338
688	0.03478
689	0.03538
690	0.03565
691	0.03538
692	0.0348
693	0.0329
694	0.0338
695	0.03453
696	0.033
697	0.03451
698	0.03433
699	0.03391
700	0.03489
701	0.03525
702	0.03512
703	0.03409
704	0.03425
705	0.03435
706	0.0335
707	0.03364
708	0.03482
709	0.0355
710	0.03585
711	0.03668
712	0.03741
713	0.03794
714	0.03763
715	0.03639
716	0.03472
717	0.03435
718	0.03342
719	0.03378
720	0.03495
721	0.03501
722	0.03465
723	0.03397
724	0.03387
725	0.03508
726	0.03579
727	0.03702
728	0.03746
729	0.0375
730	0.03941
731	0.04029
732	0.03942
733	0.03914
734	0.04082
735	0.04221
736	0.04037
737	0.03972
738	0.04152
739	0.04195
740	0.0422
741	0.04042
742	0.03889
743	0.03886
744	0.04074
745	0.04195
746	0.04034
747	0.04249
748	0.04152
749	0.0416
750	0.04151
751	0.04123
752	0.04133
753	0.04174
754	0.04074
755	0.04039
756	0.04055
757	0.03921
758	0.03916
759	0.04006
760	0.04084
761	0.04147
762	0.04151
763	0.04146
764	0.04276
765	0.04403
766	0.04517
767	0.04591
768	0.04709
769	0.04602
770	0.04463
771	0.04376
772	0.04149
773	0.04124
774	0.04209
775	0.04139
776	0.0404
777	0.03868
778	0.03917
779	0.04006
780	0.03956
781	0.04102
782	0.03986
783	0.03972
784	0.04042
785	0.03797
786	0.03939
787	0.0381
788	0.03859
789	0.03963
790	0.03819
791	0.04005
792	0.0407
793	0.04053
794	0.04078
795	0.04212
796	0.04118
797	0.03915
798	0.04
799	0.04021
800	0.03915
801	0.0398
802	0.04065
803	0.03923
804	0.03911
805	0.03866
806	0.03823
807	0.03844
808	0.03807
809	0.03821
810	0.0386
811	0.03853
812	0.03789
813	0.03676
814	0.03599
815	0.03619
816	0.03533
817	0.03772
818	0.03761
819	0.03668
820	0.03635
821	0.03628
822	0.0376
823	0.038
824	0.03713
825	0.03647
826	0.03453
827	0.03603
828	0.0358
829	0.03661
830	0.03657
831	0.03554
832	0.03631
833	0.03732
834	0.0393
835	0.03786
836	0.03833
837	0.03829
838	0.03997
839	0.03991
840	0.03766
841	0.03915
842	0.03947
843	0.03966
844	0.03779
845	0.03754
846	0.03806
847	0.03878
848	0.03894
849	0.04041
850	0.04142
851	0.04327
852	0.04161
853	0.04313
854	0.0439
855	0.0448
856	0.04389
857	0.0431
858	0.04267
859	0.04315
860	0.04487
861	0.04394
862	0.04408
863	0.04386
864	0.0431
865	0.04157
866	0.04204
867	0.04248
868	0.04235
869	0.04121
870	0.04387
871	0.04282
872	0.0406
873	0.04092
874	0.04096
875	0.04177
876	0.04215
877	0.04136
878	0.04166
879	0.0414
880	0.04031
881	0.03779
882	0.0368
883	0.03872
884	0.03721
885	0.03744
886	0.03727
887	0.03887
888	0.0395
889	0.03924
890	0.03992
891	0.03999
892	0.04031
893	0.03998
894	0.04009
895	0.04016
896	0.04014
897	0.03884
898	0.03914
899	0.03825
900	0.03644
901	0.03586
902	0.03586
903	0.03634
904	0.03531
905	0.03483
906	0.03474
907	0.0349
908	0.03503
909	0.03312
910	0.03126
911	0.03106
912	0.03129
913	0.03239
914	0.03327
915	0.03389
916	0.03275
917	0.03364
918	0.03446
919	0.03504
920	0.03434
921	0.03508
922	0.03512
923	0.03469
924	0.0345
925	0.03556
926	0.03488
927	0.03518
928	0.03531
929	0.03576
930	0.03703
931	0.03693
932	0.03781
933	0.03865
934	0.0367
935	0.03694
936	0.03836
937	0.03711
938	0.03811
939	0.03596
940	0.03406
941	0.03351
942	0.03425
943	0.03624
944	0.03578
945	0.03577
946	0.03614
947	0.03575
948	0.03563
949	0.03796
950	0.03543
951	0.03553
952	0.0359
953	0.0351
954	0.0347
955	0.03616
956	0.03531
957	0.03604
958	0.03694
959	0.03659
960	0.03735
961	0.03679
962	0.03563
963	0.03679
964	0.03695
965	0.0369
966	0.03715
967	0.03691
968	0.03601
969	0.03677
970	0.03652
971	0.0365
972	0.03612
973	0.0348
974	0.03617
975	0.03701
976	0.03785
977	0.03873
978	0.0412
979	0.0411
980	0.04407
981	0.043
982	0.04231
983	0.04121
984	0.0414
985	0.04172
986	0.04167
987	0.04061
988	0.03945
989	0.03829
990	0.03916
991	0.03984
992	0.03934
993	0.03769
994	0.03781
995	0.03876
996	0.03874
997	0.03823
998	0.03749
999	0.03774
1000	0.03854
1001	0.03877
1002	0.03978
1003	0.04019
1004	0.0407
1005	0.0399
1006	0.03994
1007	0.03972
1008	0.03809
1009	0.03654
1010	0.03744
1011	0.03819
1012	0.03859
1013	0.03784
1014	0.0379
1015	0.03869
1016	0.03771
1017	0.03956
1018	0.03998
1019	0.03989
1020	0.03907
1021	0.03999
1022	0.04008
1023	0.0415
1024	0.041
1025	0.04009
1026	0.03983
1027	0.03972
1028	0.04003
1029	0.04048
1030	0.04014
1031	0.0398
1032	0.04035
1033	0.04145
1034	0.04115
1035	0.04038
1036	0.03999
1037	0.03962
1038	0.03936
1039	0.03848
1040	0.03806
1041	0.03877
1042	0.03782
1043	0.03646
1044	0.0366
1045	0.03633
1046	0.03428
1047	0.03349
1048	0.0332
1049	0.03462
1050	0.03593
1051	0.03665
1052	0.0372
1053	0.03719
1054	0.03873
1055	0.04084
1056	0.04228
1057	0.04505
1058	0.04404
1059	0.04441
1060	0.04327
1061	0.04301
1062	0.04453
1063	0.04517
1064	0.04738
1065	0.04698
1066	0.04743
1067	0.04779
1068	0.04829
1069	0.04771
1070	0.04738
1071	0.04768
1072	0.04785
1073	0.0488
1074	0.04825
1075	0.04916
1076	0.0491
1077	0.04835
1078	0.04701
1079	0.04608
1080	0.04596
1081	0.04565
1082	0.04488
1083	0.04558
1084	0.0462
1085	0.04547
1086	0.04502
1087	0.04643
1088	0.04588
1089	0.04584
1090	0.04357
1091	0.0432
1092	0.04432
1093	0.04432
1094	0.04487
1095	0.04475
1096	0.04571
1097	0.04696
1098	0.0452
1099	0.04392
1100	0.04499
1101	0.04471
1102	0.04352
1103	0.04401
1104	0.0461
1105	0.04732
1106	0.04697
1107	0.04806
1108	0.04688
1109	0.04612
1110	0.04596
1111	0.04603
1112	0.04551
1113	0.04748
1114	0.04585
1115	0.04537
1116	0.04462
1117	0.04257
1118	0.04161
1119	0.04289
1120	0.04341
1121	0.04313
1122	0.04397
1123	0.04471
1124	0.04566
1125	0.04429
1126	0.04595
1127	0.0456
1128	0.04544
1129	0.04512
1130	0.04684
1131	0.04668
1132	0.04578
1133	0.0466
1134	0.04525
1135	0.0445
1136	0.04226
1137	0.041
1138	0.0405
1139	0.03885
1140	0.03927
1141	0.03913
1142	0.03788
1143	0.03903
1144	0.03872
1145	0.03854
1146	0.04117
1147	0.04141
1148	0.0417
1149	0.03951
1150	0.03958
1151	0.03896
1152	0.03921
1153	0.03985
1154	0.03822
1155	0.03832
1156	0.03671
1157	0.03616
1158	0.03577
1159	0.03673
1160	0.03675
1161	0.03739
1162	0.03676
1163	0.03676
1164	0.03687
1165	0.03781
1166	0.03788
1167	0.03931
1168	0.03991
1169	0.04108
1170	0.04186
1171	0.04077
1172	0.04206
1173	0.04134
1174	0.04074
1175	0.04161
1176	0.04266
1177	0.04245
1178	0.04295
1179	0.04114
1180	0.04202
1181	0.04155
1182	0.04234
1183	0.04079
1184	0.04187
1185	0.04458
1186	0.04426
1187	0.04566
1188	0.04479
1189	0.04574
1190	0.04487
1191	0.04504
1192	0.04592
1193	0.04586
1194	0.04439
1195	0.0431
1196	0.04472
1197	0.045
1198	0.0446
1199	0.04556
1200	0.04477
1201	0.04447
1202	0.04463
1203	0.04417
1204	0.04381
1205	0.04415
1206	0.0427
1207	0.04199
1208	0.04008
1209	0.03871
1210	0.0373
1211	0.0353
1212	0.035
1213	0.03452
1214	0.03636
1215	0.03751
1216	0.03828
1217	0.03631
1218	0.0354
1219	0.0337
1220	0.03465
1221	0.03549
1222	0.03566
1223	0.03528
1224	0.03671
1225	0.03704
1226	0.03739
1227	0.03821
1228	0.0399
1229	0.04076
1230	0.0397
1231	0.03912
1232	0.03973
1233	0.04163
1234	0.04067
1235	0.04128
1236	0.03959
1237	0.04099
1238	0.04203
1239	0.04079
1240	0.04013
1241	0.0397
1242	0.04083
1243	0.03941
1244	0.0404
1245	0.0392
1246	0.03715
1247	0.03844
1248	0.03772
1249	0.03876
1250	0.03823
1251	0.03778
1252	0.03709
1253	0.0378
1254	0.03958
1255	0.04119
1256	0.04022
1257	0.04093
1258	0.04131
1259	0.04096
1260	0.04117
1261	0.04148
1262	0.0414
1263	0.04213
1264	0.04191
1265	0.04161
1266	0.04122
1267	0.04076
1268	0.04131
1269	0.04303
1270	0.04348
1271	0.04393
1272	0.04265
1273	0.04272
1274	0.04282
1275	0.04292
1276	0.04326
1277	0.04168
1278	0.04141
1279	0.04263
1280	0.04283
1281	0.04298
1282	0.04313
1283	0.04489
1284	0.04423
1285	0.04412
1286	0.04383
1287	0.04606
1288	0.04632
1289	0.04781
1290	0.04654
1291	0.04847
1292	0.04773
1293	0.04987
1294	0.04948
1295	0.0496
1296	0.05062
1297	0.05006
1298	0.0498
1299	0.05128
1300	0.04984
1301	0.05088
1302	0.05102
1303	0.05068
1304	0.05081
1305	0.04987
1306	0.04922
1307	0.04747
1308	0.04539
1309	0.04444
1310	0.04585
1311	0.04378
1312	0.04439
1313	0.04423
1314	0.04537
1315	0.04616
1316	0.04665
1317	0.04713
1318	0.04679
1319	0.04672
1320	0.04644
1321	0.04589
1322	0.04598
1323	0.04451
1324	0.0442
1325	0.04488
1326	0.04323
1327	0.04403
1328	0.04442
1329	0.04505
1330	0.04533
1331	0.04423
1332	0.04373
1333	0.04432
1334	0.04389
1335	0.04419
1336	0.04487
1337	0.04375
1338	0.04268
1339	0.04368
1340	0.04429
1341	0.04418
1342	0.04647
1343	0.04541
1344	0.04561
1345	0.04681
1346	0.04535
1347	0.04496
1348	0.04443
1349	0.04523
1350	0.04493
1351	0.04638
1352	0.04611
1353	0.04667
1354	0.04664
1355	0.04748
1356	0.04796
1357	0.04687
1358	0.04531
1359	0.04584
1360	0.04613
1361	0.04526
1362	0.04416
1363	0.04573
1364	0.04614
1365	0.0441
1366	0.04406
1367	0.04412
1368	0.04264
1369	0.04098
1370	0.04176
1371	0.04155
1372	0.041
1373	0.04189
1374	0.04349
1375	0.04463
1376	0.04555
1377	0.04662
1378	0.04639
1379	0.04646
1380	0.04702
1381	0.04599
1382	0.04746
1383	0.04567
1384	0.04587
1385	0.04647
1386	0.0468
1387	0.04689
1388	0.04803
1389	0.04796
1390	0.04641
1391	0.04783
1392	0.04875
1393	0.04994
1394	0.05044
1395	0.05063
1396	0.05187
1397	0.05008
1398	0.04858
1399	0.04819
1400	0.0491
1401	0.04984
1402	0.05209
1403	0.05136
1404	0.05047
1405	0.05006
1406	0.04959
1407	0.04953
1408	0.05188
1409	0.0518
1410	0.04955
1411	0.04907
1412	0.04892
1413	0.04617
1414	0.04723
1415	0.04767
1416	0.04677
1417	0.04562
1418	0.04488
1419	0.04479
1420	0.04363
1421	0.04316
1422	0.04421
1423	0.04216
1424	0.04342
1425	0.04316
1426	0.04126
1427	0.03849
1428	0.03697
1429	0.03854
1430	0.03731
1431	0.03751
1432	0.03628
1433	0.03673
1434	0.03763
1435	0.03688
1436	0.03624
1437	0.03705
1438	0.03899
1439	0.04007
1440	0.04055
1441	0.04009
1442	0.04035
1443	0.04042
1444	0.03912
1445	0.03984
1446	0.04091
1447	0.04123
1448	0.04338
1449	0.04244
1450	0.04335
1451	0.04212
1452	0.04077
1453	0.04085
1454	0.04103
1455	0.04139
1456	0.04109
1457	0.04067
1458	0.04056
1459	0.04083
1460	0.04146
1461	0.04195
1462	0.04235
1463	0.04381
1464	0.04401
1465	0.04367
1466	0.04362
1467	0.04292
1468	0.04325
1469	0.04281
1470	0.04312
1471	0.04088
1472	0.04192
1473	0.0439
1474	0.04345
1475	0.0427
1476	0.04438
1477	0.04517
1478	0.04488
1479	0.04623
1480	0.04665
1481	0.04677
1482	0.04492
1483	0.04432
1484	0.04299
1485	0.0436
1486	0.04387
1487	0.04357
1488	0.0429
1489	0.04279
1490	0.04322
1491	0.04363
1492	0.045
1493	0.04552
1494	0.04528
1495	0.04427
1496	0.04473
1497	0.04512
1498	0.04679
1499	0.04719
1500	0.04707
1	898.0
2	894.9
3	885.7
4	861.9
5	848.9
6	836.8
7	829.4
8	834.6
9	807.0
10	793.7
11	775.1
12	763.8
13	765.5
14	768.6
15	759.5
16	746.2
17	718.2
18	721.0
19	710.5
20	701.5
21	696.9
22	666.9
23	652.4
24	648.1
25	640.5
26	630.3
27	611.1
28	592.9
29	570.4
30	559.9
31	545.9
32	543.4
33	542.0
34	536.0
35	520.9
36	512.1
37	492.6
38	489.5
39	472.1
40	470.5
41	460.6
42	447.0
43	452.7
44	436.1
45	431.8
46	418.3
47	402.1
48	393.1
49	381.7
50	373.0
51	370.7
52	364.0
53	356.1
54	348.4
55	344.4
56	326.6
57	320.4
58	302.3
59	290.5
60	283.7
61	270.7
62	271.3
63	274.9
64	259.9
65	243.2
66	238.2
67	230.0
68	234.3
69	219.5
70	209.2
71	192.4
72	188.2
73	187.2
74	185.8
75	181.3
76	177.1
77	166.7
78	167.9
79	162.1
80	155.7
81	150.7
82	151.5
83	145.6
84	144.0
85	147.4
86	142.9
87	145.7
88	135.8
89	132.4
90	128.6
91	126.8
92	125.4
93	125.6
94	120.1
95	123.7
96	124.0
97	118.2
98	115.7
99	116.1
100	112.3
101	111.1
102	111.1
103	109.2
104	105.3
105	105.7
106	107.4
107	94.96
108	97.95
109	99.47
110	89.34
111	89.53
112	93.6
113	91.18
114	88.74
115	86.96
116	88.33
117	87.95
118	86.42
119	88.65
120	85.69
121	89.06
122	84.76
123	83.42
124	85.34
125	84.54
126	86.32
127	82.91
128	82.48
129	83.75
130	84.12
131	82.27
132	82.11
133	81.47
134	83.42
135	84.67
136	83.18
137	82.49
138	85.23
139	83.84
140	80.42
141	81.95
142	81.38
143	81.06
144	80.33
145	79.01
146	81.2
147	79.12
148	79.63
149	81.37
150	79.88
151	79.05
152	78.21
153	78.56
154	79.95
155	79.14
156	80.18
157	79.91
158	80.73
159	81.14
160	81.49
161	80.56
162	79.1
163	80.97
164	78.68
165	83.62
166	82.03
167	78.01
168	78.85
169	78.33
170	80.99
171	78.69
172	77.99
173	79.15
174	77.9
175	79.11
176	80.5
177	80.17
178	78.31
179	79.38
180	81.68
181	77.97
182	84.59
183	80.06
184	80.43
185	78.06
186	80.64
187	78.02
188	78.56
189	84.38
190	78.69
191	79.64
192	78.22
193	81.7
194	84.1
195	79.48
196	80.04
197	80.18
198	79.93
199	79.69
200	79.13
201	77.95
202	79.86
203	79.93
204	83.39
205	80.57
206	78.52
207	78.29
208	78.14
209	78.52
210	79.57
211	81.32
212	79.7
213	79.19
214	79.65
215	78.55
216	78.84
217	85.28
218	77.78
219	78.95
220	80.44
221	79.32
222	78.82
223	78.1
224	79.44
225	78.2
226	78.45
227	84.07
228	78.05
229	78.58
230	79.22
231	79.18
232	78.58
233	78.8
234	78.52
235	78.28
236	80.13
237	78.98
238	79.5
239	80.97
240	83.81
241	80.02
242	79.34
243	85.17
244	79.57
245	78.82
246	78.72
247	81.83
248	79.3
249	81.33
250	77.88
251	78.21
252	80.54
253	77.95
254	79.18
255	84.16
256	78.08
257	81.01
258	78.51
259	78.83
260	81.5
261	80.93
262	80.96
263	81.49
264	79.82
265	81.7
266	78.26
267	85.03
268	80.57
269	79.92
270	86.24
271	79.54
272	82.69
273	80.3
274	81.17
275	79.04
276	83.16
277	81.01
278	79.88
279	80.84
280	79.66
281	80.69
282	79.72
283	80.62
284	80.85
285	82.53
286	79.93
287	79.69
288	81.58
289	80.45
290	79.29
291	79.46
292	82.25
293	81.12
294	79.43
295	79.52
296	79.58
297	78.8
298	79.03
299	80.77
300	80.33
301	89.38
302	80.46
303	79.39
304	78.99
305	78.29
306	79.91
307	78.52
308	81.05
309	80.89
310	77.96
311	78.23
312	80.76
313	78.36
314	79.03
315	78.51
316	80.4
317	78.87
318	81.42
319	79.25
320	78.25
321	78.78
322	86.08
323	79.3
324	80.58
325	79.6
326	78.51
327	77.83
328	80.96
329	80.97
330	78.83
331	81.21
332	85.26
333	78.88
334	79.12
335	78.47
336	80.19
337	80.76
338	77.9
339	81.42
340	79.52
341	78.26
342	83.73
343	78.75
344	80.52
345	79.14
346	79.36
347	78.48
348	80.0
349	81.12
350	80.48
351	79.56
352	81.2
353	81.57
354	79.68
355	80.09
356	78.96
357	79.11
358	80.31
359	79.57
360	78.59
361	82.65
362	84.69
363	78.95
364	79.07
365	82.37
366	78.53
367	78.33
368	79.31
369	78.75
370	87.39
371	78.96
372	81.53
373	79.55
374	83.22
375	82.85
376	78.69
377	80.28
378	82.02
379	83.82
380	89.02
381	79.25
382	80.11
383	80.12
384	79.49
385	83.65
386	81.16
387	78.01
388	82.37
389	78.69
390	81.26
391	78.47
392	79.02
393	80.05
394	78.8
395	78.05
396	78.47
397	82.86
398	78.8
399	77.79
400	84.48
401	77.97
402	82.66
403	83.06
404	79.61
405	78.42
406	78.73
407	79.1
408	79.53
409	87.81
410	78.86
411	78.17
412	80.64
413	79.82
414	86.7
415	85.17
416	79.38
417	78.38
418	77.93
419	79.15
420	78.94
421	78.94
422	79.22
423	77.87
424	78.59
425	77.91
426	78.56
427	79.47
428	78.44
429	78.18
430	78.43
431	77.82
432	80.22
433	78.25
434	79.16
435	82.7
436	80.38
437	81.85
438	78.08
439	79.37
440	78.03
441	80.92
442	78.11
443	81.39
444	80.15
445	77.81
446	78.59
447	78.4
448	79.21
449	81.03
450	78.96
451	79.88
452	77.86
453	79.21
454	78.46
455	78.45
456	78.33
457	82.95
458	78.21
459	79.8
460	82.57
461	85.07
462	78.25
463	84.2
464	78.29
465	78.26
466	81.01
467	78.72
468	79.83
469	79.82
470	78.44
471	83.54
472	78.77
473	81.15
474	78.73
475	78.8
476	79.43
477	79.66
478	79.06
479	80.71
480	82.04
481	80.39
482	79.5
483	79.22
484	78.83
485	79.29
486	80.55
487	80.3
488	79.92
489	78.97
490	78.57
491	78.41
492	86.16
493	78.83
494	87.13
495	78.65
496	77.97
497	81.41
498	79.47
499	79.02
500	80.53
501	80.01
502	80.5
503	79.08
504	78.47
505	78.96
506	78.13
507	77.96
508	78.26
509	81.19
510	78.92
511	78.32
512	78.25
513	79.35
514	79.04
515	84.03
516	80.46
517	82.41
518	80.47
519	83.4
520	78.39
521	78.33
522	79.57
523	83.35
524	78.06
525	77.92
526	78.03
527	81.32
528	80.24
529	78.09
530	79.89
531	79.98
532	84.06
533	80.55
534	78.25
535	78.63
536	84.14
537	78.33
538	78.97
539	81.57
540	80.33
541	80.91
542	83.38
543	79.9
544	77.87
545	80.64
546	80.67
547	79.64
548	78.82
549	79.56
550	78.26
551	81.46
552	81.32
553	80.36
554	82.4
555	82.28
556	82.12
557	82.36
558	83.58
559	79.35
560	79.95
561	79.08
562	81.39
563	85.2
564	83.14
565	84.13
566	82.64
567	80.59
568	83.26
569	81.7
570	80.57
571	86.5
572	79.74
573	80.73
574	81.57
575	84.66
576	81.03
577	94.05
578	91.02
579	85.05
580	78.83
581	80.46
582	80.84
583	80.92
584	82.93
585	81.87
586	86.41
587	84.63
588	81.94
589	80.69
590	79.72
591	79.72
592	79.6
593	80.75
594	80.44
595	80.94
596	79.75
597	79.41
598	79.88
599	80.57
600	79.08
601	82.56
602	80.27
603	78.94
604	80.85
605	78.74
606	79.72
607	78.67
608	78.58
609	84.94
610	79.97
611	79.38
612	79.57
613	78.99
614	79.01
615	78.01
616	77.77
617	79.96
618	80.93
619	79.61
620	80.35
621	81.8
622	85.09
623	79.43
624	80.48
625	80.0
626	80.83
627	81.84
628	79.07
629	80.37
630	80.58
631	80.0
632	78.8
633	84.64
634	79.09
635	80.78
636	79.77
637	81.78
638	80.87
639	79.57
640	79.08
641	85.49
642	83.98
643	79.55
644	80.78
645	79.16
646	78.7
647	78.91
648	79.24
649	78.79
650	80.14
651	80.85
652	80.07
653	79.26
654	78.66
655	85.25
656	78.39
657	79.25
658	78.15
659	78.88
660	79.54
661	79.51
662	80.14
663	81.05
664	80.13
665	79.76
666	79.62
667	80.58
668	79.96
669	81.74
670	78.72
671	80.45
672	79.43
673	81.69
674	81.82
675	82.71
676	86.5
677	82.35
678	80.28
679	82.22
680	82.09
681	87.37
682	83.7
683	85.7
684	84.0
685	84.6
686	82.78
687	85.47
688	83.77
689	84.5
690	79.29
691	80.58
692	81.42
693	83.61
694	81.81
695	80.61
696	81.44
697	84.81
698	80.13
699	80.09
700	84.2
701	82.48
702	80.42
703	83.71
704	80.94
705	80.72
706	80.47
707	91.2
708	88.48
709	79.32
710	82.01
711	81.83
712	81.8
713	78.63
714	82.4
715	80.1
716	81.41
717	79.73
718	81.72
719	80.18
720	84.37
721	80.41
722	82.18
723	85.34
724	83.25
725	80.7
726	79.31
727	80.43
728	79.77
729	78.57
730	80.88
731	79.17
732	78.62
733	77.92
734	79.78
735	78.04
736	82.87
737	78.48
738	80.64
739	78.75
740	78.34
741	80.36
742	78.42
743	81.4
744	81.98
745	80.32
746	79.02
747	78.56
748	79.33
749	79.85
750	78.53
751	80.16
752	78.44
753	81.57
754	81.88
755	79.57
756	82.03
757	83.21
758	78.32
759	81.81
760	79.69
761	78.8
762	78.4
763	78.43
764	81.68
765	80.76
766	81.29
767	81.18
768	83.88
769	82.52
770	79.16
771	82.2
772	78.52
773	78.24
774	83.39
775	79.57
776	77.82
777	78.7
778	79.77
779	82.95
780	78.91
781	82.2
782	81.71
783	78.43
784	77.86
785	89.34
786	81.81
787	79.87
788	80.71
789	78.3
790	81.74
791	78.79
792	78.78
793	82.08
794	79.59
795	80.68
796	81.48
797	79.94
798	78.04
799	77.9
800	81.34
801	78.57
802	78.45
803	81.81
804	78.5
805	79.13
806	78.06
807	78.51
808	80.6
809	78.14
810	77.95
811	77.99
812	80.15
813	86.72
814	81.37
815	81.95
816	82.8
817	82.07
818	78.45
819	80.02
820	78.71
821	79.84
822	79.58
823	79.23
824	79.76
825	79.42
826	80.8
827	85.67
828	80.91
829	79.26
830	80.61
831	85.74
832	80.04
833	78.49
834	94.52
835	85.32
836	78.95
837	80.11
838	79.56
839	78.79
840	82.02
841	78.87
842	78.06
843	78.66
844	78.84
845	78.81
846	79.17
847	79.43
848	78.78
849	82.23
850	81.59
851	81.6
852	81.84
853	80.41
854	81.25
855	84.25
856	78.94
857	80.56
858	79.6
859	79.84
860	81.13
861	82.82
862	79.12
863	79.5
864	79.28
865	81.7
866	81.03
867	78.0
868	78.38
869	79.04
870	79.28
871	78.74
872	79.63
873	78.27
874	77.85
875	78.31
876	80.47
877	77.94
878	81.51
879	82.28
880	78.99
881	78.87
882	79.86
883	83.3
884	81.0
885	80.85
886	79.61
887	82.14
888	81.35
889	77.83
890	79.12
891	79.73
892	78.74
893	78.76
894	78.26
895	80.35
896	77.87
897	79.99
898	78.28
899	78.62
900	82.09
901	79.26
902	79.26
903	80.05
904	82.02
905	79.88
906	80.59
907	79.72
908	83.11
909	84.7
910	85.3
911	82.6
912	83.12
913	84.98
914	81.59
915	81.16
916	82.76
917	85.98
918	80.73
919	80.29
920	80.59
921	80.69
922	79.31
923	82.46
924	81.11
925	79.54
926	81.31
927	81.08
928	83.74
929	81.45
930	79.58
931	78.45
932	78.59
933	83.71
934	85.3
935	80.44
936	81.29
937	82.63
938	78.39
939	80.65
940	81.54
941	85.85
942	86.14
943	81.59
944	79.77
945	79.94
946	79.72
947	79.49
948	80.44
949	83.0
950	84.11
951	84.0
952	79.41
953	80.48
954	79.87
955	79.84
956	84.36
957	85.7
958	83.64
959	81.75
960	82.35
961	84.45
962	79.0
963	79.24
964	82.76
965	78.87
966	78.41
967	78.66
968	79.6
969	78.52
970	78.74
971	79.95
972	80.63
973	80.91
974	80.49
975	81.98
976	79.83
977	81.41
978	79.19
979	84.19
980	82.28
981	80.18
982	78.71
983	80.55
984	78.47
985	78.0
986	79.31
987	81.68
988	79.91
989	78.22
990	77.99
991	82.3
992	80.23
993	81.41
994	78.9
995	79.2
996	80.48
997	79.49
998	78.22
999	81.52
1000	78.71
1001	78.82
1002	77.87
1003	77.77
1004	78.88
1005	79.05
1006	82.54
1007	79.12
1008	78.63
1009	80.58
1010	81.88
1011	78.1
1012	79.35
1013	79.31
1014	78.33
1015	82.94
1016	79.2
1017	82.37
1018	78.1
1019	78.8
1020	78.85
1021	78.99
1022	79.0
1023	84.38
1024	78.94
1025	78.99
1026	78.57
1027	82.97
1028	77.85
1029	77.88
1030	77.94
1031	78.65
1032	81.06
1033	82.16
1034	88.81
1035	78.24
1036	79.56
1037	78.89
1038	80.1
1039	79.63
1040	79.73
1041	78.12
1042	79.61
1043	79.2
1044	80.36
1045	79.13
1046	80.71
1047	82.32
1048	80.98
1049	82.54
1050	79.89
1051	82.07
1052	78.55
1053	80.77
1054	85.37
1055	80.07
1056	78.25
1057	86.07
1058	78.5
1059	81.05
1060	78.8
1061	79.19
1062	83.6
1063	80.24
1064	80.42
1065	81.2
1066	84.75
1067	80.91
1068	81.4
1069	81.06
1070	81.71
1071	82.24
1072	82.03
1073	86.31
1074	81.84
1075	88.38
1076	82.41
1077	81.21
1078	83.53
1079	83.91
1080	80.16
1081	79.65
1082	78.99
1083	80.46
1084	81.35
1085	80.84
1086	79.3
1087	80.12
1088	79.99
1089	80.94
1090	87.33
1091	81.1
1092	79.11
1093	80.32
1094	80.63
1095	79.44
1096	81.54
1097	80.97
1098	80.95
1099	80.75
1100	80.34
1101	81.04
1102	78.63
1103	79.77
1104	86.36
1105	82.53
1106	80.88
1107	83.12
1108	80.29
1109	80.05
1110	80.67
1111	86.63
1112	82.07
1113	83.32
1114	80.73
1115	79.77
1116	81.03
1117	80.33
1118	79.57
1119	80.24
1120	80.35
1121	79.81
1122	78.72
1123	81.06
1124	80.89
1125	81.39
1126	83.01
1127	79.57
1128	79.27
1129	78.96
1130	81.83
1131	79.99
1132	81.35
1133	85.13
1134	80.52
1135	78.78
1136	78.14
1137	83.55
1138	79.13
1139	84.99
1140	78.03
1141	79.63
1142	79.02
1143	79.18
1144	79.84
1145	79.31
1146	78.45
1147	81.04
1148	80.73
1149	84.81
1150	81.6
1151	78.15
1152	78.99
1153	80.47
1154	78.39
1155	79.41
1156	78.81
1157	79.38
1158	79.22
1159	81.0
1160	81.89
1161	79.1
1162	81.58
1163	79.42
1164	79.65
1165	82.51
1166	78.14
1167	78.1
1168	78.88
1169	79.32
1170	78.94
1171	83.18
1172	78.82
1173	77.96
1174	77.88
1175	79.55
1176	79.84
1177	78.44
1178	80.82
1179	86.13
1180	80.31
1181	79.12
1182	81.06
1183	78.15
1184	88.28
1185	81.26
1186	80.83
1187	84.01
1188	82.63
1189	80.66
1190	79.2
1191	80.49
1192	82.02
1193	79.38
1194	79.38
1195	81.1
1196	81.24
1197	79.76
1198	79.32
1199	79.92
1200	80.51
1201	78.97
1202	87.25
1203	79.66
1204	78.56
1205	78.88
1206	86.88
1207	78.08
1208	81.38
1209	79.77
1210	79.9
1211	80.99
1212	87.47
1213	82.44
1214	78.74
1215	80.25
1216	79.05
1217	83.44
1218	82.12
1219	81.91
1220	79.57
1221	81.16
1222	80.35
1223	79.32
1224	78.96
1225	79.07
1226	79.03
1227	78.63
1228	79.81
1229	78.16
1230	78.6
1231	77.92
1232	80.46
1233	79.37
1234	78.42
1235	77.95
1236	81.13
1237	81.31
1238	79.07
1239	79.84
1240	78.54
1241	77.79
1242	82.98
1243	80.4
1244	78.65
1245	78.73
1246	81.69
1247	80.69
1248	79.67
1249	80.54
1250	79.7
1251	78.26
1252	79.76
1253	80.97
1254	81.07
1255	78.92
1256	79.06
1257	79.0
1258	78.12
1259	79.01
1260	78.01
1261	78.28
1262	78.47
1263	78.79
1264	78.87
1265	78.25
1266	80.72
1267	77.91
1268	79.87
1269	79.75
1270	78.93
1271	80.38
1272	78.23
1273	79.02
1274	80.63
1275	78.2
1276	79.21
1277	79.45
1278	78.06
1279	79.39
1280	82.63
1281	85.43
1282	78.23
1283	81.42
1284	78.89
1285	78.67
1286	78.52
1287	80.58
1288	82.02
1289	82.96
1290	81.63
1291	83.47
1292	81.4
1293	85.39
1294	85.78
1295	83.41
1296	84.07
1297	83.81
1298	82.64
1299	85.53
1300	85.9
1301	84.64
1302	84.31
1303	83.53
1304	84.71
1305	82.6
1306	84.08
1307	84.19
1308	84.63
1309	80.78
1310	79.99
1311	81.54
1312	85.22
1313	83.48
1314	82.35
1315	80.15
1316	80.52
1317	82.81
1318	80.06
1319	83.51
1320	81.85
1321	79.5
1322	79.81
1323	81.49
1324	78.74
1325	80.07
1326	79.59
1327	79.69
1328	79.3
1329	79.46
1330	79.48
1331	80.58
1332	80.5
1333	78.59
1334	78.8
1335	79.19
1336	80.66
1337	81.56
1338	78.91
1339	78.62
1340	81.42
1341	78.74
1342	85.71
1343	79.46
1344	80.03
1345	81.59
1346	87.03
1347	80.04
1348	79.12
1349	81.91
1350	84.94
1351	81.64
1352	81.62
1353	81.96
1354	80.23
1355	82.28
1356	83.0
1357	83.28
1358	81.61
1359	80.11
1360	81.47
1361	82.71
1362	80.72
1363	79.52
1364	81.05
1365	82.08
1366	78.51
1367	80.64
1368	78.1
1369	81.56
1370	80.24
1371	78.69
1372	79.95
1373	80.11
1374	78.35
1375	79.26
1376	84.47
1377	82.26
1378	81.63
1379	81.21
1380	81.28
1381	80.19
1382	80.5
1383	85.02
1384	80.48
1385	83.26
1386	79.99
1387	83.66
1388	81.14
1389	82.37
1390	81.05
1391	81.98
1392	83.93
1393	82.73
1394	84.1
1395	83.38
1396	89.41
1397	86.56
1398	81.6
1399	82.62
1400	82.98
1401	82.57
1402	89.07
1403	84.82
1404	86.22
1405	83.28
1406	82.48
1407	84.2
1408	94.41
1409	85.03
1410	100.7
1411	85.82
1412	82.94
1413	87.83
1414	81.62
1415	81.5
1416	80.26
1417	80.32
1418	79.06
1419	81.65
1420	80.21
1421	79.32
1422	79.76
1423	84.09
1424	78.58
1425	79.41
1426	83.37
1427	89.06
1428	79.99
1429	79.37
1430	80.78
1431	79.43
1432	79.11
1433	79.1
1434	79.64
1435	81.6
1436	79.18
1437	78.93
1438	78.25
1439	83.66
1440	80.84
1441	79.55
1442	78.61
1443	78.71
1444	83.96
1445	78.27
1446	78.01
1447	78.96
1448	81.97
1449	79.58
1450	80.31
1451	78.85
1452	78.16
1453	78.41
1454	78.12
1455	78.18
1456	78.77
1457	78.97
1458	81.96
1459	78.43
1460	78.0
1461	77.99
1462	78.8
1463	79.1
1464	78.66
1465	78.79
1466	81.03
1467	82.24
1468	79.64
1469	78.13
1470	78.98
1471	83.44
1472	79.29
1473	79.93
1474	79.4
1475	79.74
1476	79.47
1477	79.16
1478	81.26
1479	80.51
1480	80.07
1481	80.51
1482	81.57
1483	80.24
1484	80.53
1485	79.32
1486	80.08
1487	81.06
1488	82.24
1489	78.24
1490	81.3
1491	80.71
1492	81.83
1493	79.44
1494	79.63
1495	80.94
1496	86.15
1497	79.6
1498	82.43
1499	81.51
1500	80.67
1	2.768
2	2.505
3	2.442
4	2.487
5	1.92
6	2.097
7	1.886
8	1.806
9	1.669
10	1.933
11	1.525
12	1.459
13	1.495
14	1.445
15	1.804
16	1.587
17	1.256
18	1.308
19	1.357
20	1.178
21	1.027
22	0.9349
23	0.9371
24	0.9149
25	0.8438
26	0.7686
27	0.7187
28	0.738
29	0.6187
30	0.6825
31	0.6284
32	0.5798
33	0.6157
34	0.562
35	0.5421
36	0.4868
37	0.5379
38	0.4643
39	0.4762
40	0.4533
41	0.4092
42	0.385
43	0.3206
44	0.3825
45	0.3695
46	0.3109
47	0.2712
48	0.3056
49	0.2669
50	0.2764
51	0.3021
52	0.2753
53	0.2971
54	0.2727
55	0.2491
56	0.2263
57	0.207
58	0.2315
59	0.2167
60	0.2029
61	0.2014
62	0.1666
63	0.1586
64	0.1555
65	0.1821
66	0.1748
67	0.1671
68	0.1586
69	0.133
70	0.1304
71	0.1326
72	0.1262
73	0.1275
74	0.136
75	0.1223
76	0.14
77	0.1283
78	0.1134
79	0.111
80	0.115
81	0.1139
82	0.1188
83	0.1033
84	0.116
85	0.1126
86	0.1122
87	0.1169
88	0.1115
89	0.09708
90	0.1019
91	0.09836
92	0.1022
93	0.09123
94	0.102
95	0.1009
96	0.1063
97	0.1155
98	0.09434
99	0.1029
100	0.1014
101	0.1023
102	0.1067
103	0.1077
104	0.1021
105	0.0898
106	0.08026
107	0.07502
108	0.1089
109	0.07992
110	0.09302
111	0.08796
112	0.07555
113	0.09183
114	0.08262
115	0.0812
116	0.09373
117	0.09889
118	0.09433
119	0.09004
120	0.08032
121	0.07742
122	0.08108
123	0.08238
124	0.09444
125	0.08309
126	0.09519
127	0.08898
128	0.0812
129	0.09453
130	0.08044
131	0.08375
132	0.0871
133	0.0824
134	0.08958
135	0.09029
136	0.08489
137	0.08081
138	0.07866
139	0.0729
140	0.0827
141	0.07381
142	0.09038
143	0.08741
144	0.07488
145	0.08428
146	0.09506
147	0.08682
148	0.08139
149	0.0827
150	0.08872
151	0.08613
152	0.08087
153	0.07904
154	0.08816
155	0.0879
156	0.08707
157	0.0895
158	0.09419
159	0.07639
160	0.07
161	0.08203
162	0.07752
163	0.073
164	0.0868
165	0.07395
166	0.08106
167	0.08189
168	0.08993
169	0.0873
170	0.06963
171	0.08879
172	0.08063
173	0.08816
174	0.08256
175	0.07438
176	0.07689
177	0.07167
178	0.08329
179	0.0914
180	0.07473
181	0.07936
182	0.1043
183	0.08
184	0.09269
185	0.08289
186	0.09365
187	0.08046
188	0.08746
189	0.09132
190	0.07872
191	0.07535
192	0.08225
193	0.07565
194	0.09692
195	0.08651
196	0.09282
197	0.0867
198	0.07402
199	0.07268
200	0.07838
201	0.08175
202	0.07823
203	0.08107
204	0.1011
205	0.09135
206	0.08015
207	0.07714
208	0.08097
209	0.08441
210	0.07606
211	0.09521
212	0.0921
213	0.08816
214	0.08043
215	0.08276
216	0.08928
217	0.09161
218	0.08275
219	0.08345
220	0.07117
221	0.09141
222	0.07593
223	0.08218
224	0.08992
225	0.07743
226	0.08147
227	0.06734
228	0.07857
229	0.07606
230	0.08922
231	0.07345
232	0.07662
233	0.08968
234	0.07848
235	0.0782
236	0.07178
237	0.07825
238	0.07527
239	0.0772
240	0.09664
241	0.08208
242	0.09028
243	0.08151
244	0.09001
245	0.07698
246	0.08852
247	0.09537
248	0.08331
249	0.09383
250	0.08197
251	0.08232
252	0.09397
253	0.084
254	0.08282
255	0.1038
256	0.08502
257	0.08298
258	0.08283
259	0.08749
260	0.07652
261	0.07497
262	0.08759
263	0.08626
264	0.07975
265	0.09137
266	0.08168
267	0.07888
268	0.08568
269	0.07869
270	0.1036
271	0.08246
272	0.0954
273	0.07284
274	0.09414
275	0.08129
276	0.07923
277	0.07909
278	0.07775
279	0.09133
280	0.08305
281	0.08467
282	0.08036
283	0.08915
284	0.08557
285	0.08085
286	0.07911
287	0.08177
288	0.08635
289	0.08351
290	0.08394
291	0.07904
292	0.0948
293	0.09454
294	0.08084
295	0.09151
296	0.07655
297	0.07638
298	0.0765
299	0.07726
300	0.08012
301	0.1133
302	0.0863
303	0.09124
304	0.08626
305	0.08162
306	0.07553
307	0.08193
308	0.07718
309	0.09425
310	0.0796
311	0.08147
312	0.09307
313	0.08657
314	0.08347
315	0.08809
316	0.09378
317	0.07923
318	0.09225
319	0.07416
320	0.07821
321	0.08227
322	0.06349
323	0.07605
324	0.07564
325	0.07221
326	0.08738
327	0.08206
328	0.09145
329	0.08943
330	0.07632
331	0.08142
332	0.1001
333	0.07459
334	0.08492
335	0.08184
336	0.07307
337	0.07157
338	0.08132
339	0.09789
340	0.08681
341	0.08368
342	0.1017
343	0.07986
344	0.07233
345	0.07697
346	0.0891
347	0.08284
348	0.07766
349	0.07179
350	0.09212
351	0.0861
352	0.07236
353	0.07057
354	0.08663
355	0.08217
356	0.08146
357	0.07623
358	0.08914
359	0.09221
360	0.08626
361	0.0812
362	0.06735
363	0.07781
364	0.07805
365	0.09026
366	0.07669
367	0.08588
368	0.08626
369	0.08418
370	0.07976
371	0.08583
372	0.09386
373	0.08715
374	0.07552
375	0.09967
376	0.08253
377	0.0835
378	0.09723
379	0.08298
380	0.1131
381	0.08218
382	0.08081
383	0.07329
384	0.07758
385	0.07216
386	0.09126
387	0.08135
388	0.09076
389	0.08927
390	0.0894
391	0.08554
392	0.08925
393	0.09302
394	0.07435
395	0.07941
396	0.07937
397	0.1007
398	0.07689
399	0.08245
400	0.06708
401	0.08322
402	0.08375
403	0.1007
404	0.07748
405	0.0831
406	0.08835
407	0.08556
408	0.09021
409	0.07706
410	0.08155
411	0.08064
412	0.07243
413	0.08993
414	0.1014
415	0.08666
416	0.07923
417	0.07784
418	0.08356
419	0.07393
420	0.0786
421	0.08903
422	0.0876
423	0.08369
424	0.07964
425	0.08381
426	0.07688
427	0.0873
428	0.08581
429	0.08665
430	0.0879
431	0.0819
432	0.09089
433	0.08418
434	0.08218
435	0.08208
436	0.09447
437	0.0951
438	0.08498
439	0.07955
440	0.08542
441	0.08154
442	0.0805
443	0.08127
444	0.08657
445	0.08222
446	0.08841
447	0.07936
448	0.07328
449	0.08786
450	0.07544
451	0.07375
452	0.08403
453	0.0797
454	0.08624
455	0.07718
456	0.08615
457	0.06673
458	0.08588
459	0.09145
460	0.08779
461	0.06433
462	0.08697
463	0.09534
464	0.08182
465	0.07763
466	0.07171
467	0.08546
468	0.08251
469	0.08752
470	0.08504
471	0.1012
472	0.08346
473	0.07673
474	0.08353
475	0.0824
476	0.08367
477	0.07673
478	0.08443
479	0.07525
480	0.09258
481	0.08483
482	0.08402
483	0.08738
484	0.08107
485	0.07924
486	0.08167
487	0.08797
488	0.08567
489	0.07587
490	0.07766
491	0.08211
492	0.1041
493	0.08072
494	0.1095
495	0.08649
496	0.07942
497	0.09736
498	0.07635
499	0.076
500	0.0706
501	0.09248
502	0.07257
503	0.0814
504	0.08455
505	0.08909
506	0.08622
507	0.08447
508	0.08256
509	0.07242
510	0.08425
511	0.07737
512	0.08631
513	0.07397
514	0.0757
515	0.09331
516	0.09458
517	0.09746
518	0.09452
519	0.1011
520	0.08428
521	0.07934
522	0.0914
523	0.1024
524	0.08577
525	0.08466
526	0.08153
527	0.06979
528	0.07511
529	0.08342
530	0.0934
531	0.09364
532	0.1023
533	0.09535
534	0.08669
535	0.07507
536	0.07867
537	0.07663
538	0.08937
539	0.08098
540	0.09234
541	0.07157
542	0.07178
543	0.09348
544	0.08256
545	0.07391
546	0.0729
547	0.08712
548	0.07852
549	0.07865
550	0.08452
551	0.09611
552	0.07853
553	0.08811
554	0.07224
555	0.09548
556	0.07248
557	0.08213
558	0.07701
559	0.08044
560	0.09142
561	0.08543
562	0.09164
563	0.07953
564	0.09179
565	0.08119
566	0.08435
567	0.0818
568	0.07179
569	0.07514
570	0.08867
571	0.06761
572	0.08255
573	0.0877
574	0.09323
575	0.07746
576	0.08724
577	0.1008
578	0.08917
579	0.09019
580	0.08172
581	0.08864
582	0.08135
583	0.09237
584	0.08772
585	0.07528
586	0.06771
587	0.09955
588	0.08349
589	0.08315
590	0.08087
591	0.07906
592	0.07687
593	0.07317
594	0.09095
595	0.07334
596	0.08958
597	0.07959
598	0.0879
599	0.08812
600	0.08305
601	0.06906
602	0.09126
603	0.08247
604	0.07132
605	0.08524
606	0.07438
607	0.07537
608	0.08622
609	0.1052
610	0.09369
611	0.08812
612	0.07885
613	0.0761
614	0.0845
615	0.0845
616	0.08134
617	0.07722
618	0.09088
619	0.07369
620	0.08953
621	0.09646
622	0.1026
623	0.07976
624	0.0862
625	0.07602
626	0.08752
627	0.09331
628	0.08148
629	0.07584
630	0.07167
631	0.09144
632	0.08536
633	0.0694
634	0.08653
635	0.07294
636	0.08892
637	0.07038
638	0.09281
639	0.08993
640	0.08419
641	0.09286
642	0.06624
643	0.09143
644	0.07397
645	0.08124
646	0.08666
647	0.0767
648	0.08511
649	0.08607
650	0.08672
651	0.0946
652	0.0731
653	0.08934
654	0.07787
655	0.102
656	0.07815
657	0.0859
658	0.08283
659	0.08656
660	0.07571
661	0.08784
662	0.08287
663	0.07708
664	0.09201
665	0.08811
666	0.07686
667	0.07413
668	0.08451
669	0.09116
670	0.08682
671	0.08039
672	0.07761
673	0.07176
674	0.08878
675	0.07354
676	0.09106
677	0.09109
678	0.08687
679	0.07191
680	0.09398
681	0.06899
682	0.09331
683	0.06656
684	0.09972
685	0.0875
686	0.0945
687	0.1018
688	0.06829
689	0.1021
690	0.0865
691	0.0899
692	0.073
693	0.07952
694	0.07351
695	0.09012
696	0.08305
697	0.06936
698	0.08263
699	0.08043
700	0.08927
701	0.0964
702	0.08569
703	0.09147
704	0.08211
705	0.09016
706	0.08454
707	0.1124
708	0.07461
709	0.08136
710	0.0957
711	0.08858
712	0.06906
713	0.08707
714	0.06821
715	0.08285
716	0.09215
717	0.08204
718	0.07471
719	0.08441
720	0.09813
721	0.0783
722	0.08087
723	0.07602
724	0.09154
725	0.07788
726	0.08701
727	0.07195
728	0.0907
729	0.08632
730	0.07946
731	0.08896
732	0.07815
733	0.08109
734	0.0754
735	0.08069
736	0.07476
737	0.07595
738	0.08663
739	0.08799
740	0.08459
741	0.09494
742	0.07644
743	0.09531
744	0.07755
745	0.08896
746	0.07846
747	0.08446
748	0.08585
749	0.08129
750	0.07943
751	0.07407
752	0.07813
753	0.09087
754	0.09886
755	0.09225
756	0.09683
757	0.08963
758	0.08194
759	0.08505
760	0.07702
761	0.08703
762	0.07876
763	0.08208
764	0.07292
765	0.08932
766	0.07171
767	0.09324
768	0.09856
769	0.07643
770	0.07809
771	0.06923
772	0.07904
773	0.08542
774	0.08639
775	0.09253
776	0.08368
777	0.07752
778	0.07198
779	0.06747
780	0.0886
781	0.07927
782	0.07063
783	0.08
784	0.08176
785	0.1127
786	0.07471
787	0.08207
788	0.09374
789	0.08417
790	0.09398
791	0.08542
792	0.08909
793	0.06774
794	0.0912
795	0.09182
796	0.09003
797	0.0893
798	0.07844
799	0.07931
800	0.09281
801	0.07523
802	0.08307
803	0.07945
804	0.07721
805	0.09058
806	0.08352
807	0.07649
808	0.0708
809	0.07946
810	0.0807
811	0.08184
812	0.09312
813	0.07836
814	0.07125
815	0.07129
816	0.09551
817	0.08658
818	0.08112
819	0.08489
820	0.08331
821	0.09033
822	0.07565
823	0.09036
824	0.08727
825	0.07661
826	0.08541
827	0.09209
828	0.07216
829	0.08521
830	0.09359
831	0.08741
832	0.07847
833	0.07843
834	0.118
835	0.0918
836	0.08747
837	0.07321
838	0.09134
839	0.08275
840	0.07542
841	0.08649
842	0.08277
843	0.07725
844	0.07634
845	0.08361
846	0.08663
847	0.08315
848	0.0834
849	0.08529
850	0.08082
851	0.08213
852	0.06832
853	0.08308
854	0.08402
855	0.1009
856	0.07669
857	0.09288
858	0.09033
859	0.09152
860	0.08545
861	0.06901
862	0.07617
863	0.08486
864	0.07425
865	0.08396
866	0.09515
867	0.08115
868	0.0866
869	0.08907
870	0.07937
871	0.08549
872	0.07545
873	0.08126
874	0.07968
875	0.07692
876	0.07223
877	0.07903
878	0.09438
879	0.09971
880	0.07705
881	0.08421
882	0.07607
883	0.08216
884	0.0763
885	0.0928
886	0.08255
887	0.06972
888	0.07054
889	0.08163
890	0.07359
891	0.07299
892	0.07532
893	0.08092
894	0.08722
895	0.08433
896	0.07907
897	0.0779
898	0.07879
899	0.07616
900	0.08007
901	0.0863
902	0.07738
903	0.07356
904	0.09642
905	0.08476
906	0.0902
907	0.08624
908	0.06948
909	0.08345
910	0.08786
911	0.08164
912	0.07645
913	0.0906
914	0.09093
915	0.07659
916	0.09405
917	0.06895
918	0.0872
919	0.08857
920	0.08875
921	0.09111
922	0.08244
923	0.0727
924	0.09212
925	0.07833
926	0.07685
927	0.09011
928	0.09825
929	0.09533
930	0.07472
931	0.08364
932	0.08716
933	0.09976
934	0.07181
935	0.08956
936	0.08595
937	0.06911
938	0.07793
939	0.08424
940	0.08962
941	0.07275
942	0.1032
943	0.07069
944	0.0895
945	0.08951
946	0.08937
947	0.08501
948	0.08582
949	0.0817
950	0.07199
951	0.1002
952	0.08703
953	0.08461
954	0.08154
955	0.08725
956	0.08733
957	0.07554
958	0.06678
959	0.09694
960	0.06887
961	0.06759
962	0.08313
963	0.07612
964	0.068
965	0.08557
966	0.08156
967	0.08187
968	0.08906
969	0.0822
970	0.08443
971	0.09093
972	0.07468
973	0.08112
974	0.07496
975	0.0954
976	0.08404
977	0.09545
978	0.08207
979	0.1018
980	0.09705
981	0.07891
982	0.08781
983	0.08049
984	0.08241
985	0.07887
986	0.08481
987	0.09844
988	0.07405
989	0.07843
990	0.07916
991	0.06751
992	0.09011
993	0.08975
994	0.07682
995	0.07788
996	0.07694
997	0.08678
998	0.08081
999	0.09692
1000	0.07584
1001	0.08071
1002	0.08132
1003	0.08234
1004	0.07421
1005	0.09084
1006	0.06719
1007	0.07552
1008	0.08751
1009	0.09236
1010	0.0942
1011	0.0835
1012	0.07812
1013	0.0837
1014	0.07813
1015	0.07031
1016	0.09007
1017	0.07893
1018	0.08618
1019	0.07451
1020	0.08397
1021	0.0794
1022	0.07382
1023	0.07132
1024	0.07534
1025	0.07656
1026	0.08773
1027	0.09508
1028	0.08157
1029	0.07907
1030	0.08341
1031	0.08339
1032	0.09496
1033	0.0875
1034	0.06098
1035	0.08486
1036	0.09009
1037	0.07981
1038	0.07134
1039	0.09228
1040	0.09238
1041	0.08251
1042	0.07317
1043	0.07829
1044	0.07562
1045	0.07916
1046	0.07912
1047	0.09244
1048	0.08257
1049	0.07529
1050	0.0761
1051	0.09419
1052	0.08489
1053	0.08567
1054	0.1047
1055	0.0849
1056	0.07865
1057	0.07517
1058	0.08072
1059	0.0923
1060	0.08122
1061	0.08107
1062	0.07216
1063	0.08654
1064	0.08352
1065	0.0751
1066	0.06853
1067	0.07961
1068	0.08679
1069	0.08752
1070	0.09077
1071	0.07421
1072	0.08453
1073	0.1004
1074	0.08641
1075	0.06731
1076	0.07923
1077	0.08201
1078	0.08753
1079	0.09215
1080	0.08814
1081	0.07753
1082	0.07972
1083	0.08777
1084	0.07863
1085	0.08537
1086	0.08666
1087	0.08518
1088	0.08787
1089	0.08004
1090	0.06969
1091	0.07011
1092	0.08268
1093	0.07503
1094	0.07382
1095	0.07768
1096	0.08415
1097	0.08706
1098	0.09265
1099	0.09309
1100	0.08176
1101	0.07791
1102	0.0847
1103	0.07412
1104	0.06921
1105	0.09141
1106	0.07681
1107	0.07497
1108	0.08077
1109	0.08442
1110	0.07556
1111	0.1061
1112	0.07352
1113	0.09628
1114	0.07851
1115	0.08817
1116	0.08861
1117	0.08047
1118	0.08722
1119	0.07207
1120	0.09267
1121	0.07456
1122	0.08492
1123	0.07621
1124	0.08967
1125	0.08819
1126	0.09246
1127	0.08451
1128	0.08122
1129	0.08201
1130	0.08418
1131	0.08136
1132	0.09077
1133	0.09287
1134	0.09026
1135	0.08007
1136	0.08137
1137	0.06677
1138	0.08132
1139	0.1018
1140	0.08486
1141	0.07505
1142	0.07523
1143	0.07621
1144	0.07468
1145	0.08717
1146	0.08458
1147	0.07302
1148	0.07009
1149	0.07477
1150	0.0697
1151	0.08477
1152	0.07873
1153	0.08962
1154	0.07865
1155	0.0902
1156	0.0855
1157	0.08786
1158	0.07804
1159	0.07114
1160	0.07018
1161	0.08851
1162	0.09016
1163	0.07491
1164	0.08833
1165	0.07306
1166	0.08209
1167	0.08123
1168	0.08975
1169	0.0785
1170	0.07752
1171	0.0835
1172	0.07906
1173	0.07916
1174	0.08419
1175	0.08879
1176	0.0724
1177	0.08195
1178	0.09545
1179	0.09495
1180	0.08228
1181	0.08849
1182	0.07014
1183	0.08418
1184	0.1085
1185	0.08281
1186	0.08451
1187	0.1008
1188	0.08994
1189	0.07393
1190	0.08349
1191	0.07334
1192	0.0946
1193	0.083
1194	0.07743
1195	0.08639
1196	0.07803
1197	0.08539
1198	0.08574
1199	0.08112
1200	0.07458
1201	0.07912
1202	0.1087
1203	0.09048
1204	0.08215
1205	0.08647
1206	0.06921
1207	0.0788
1208	0.08047
1209	0.08413
1210	0.0741
1211	0.083
1212	0.1078
1213	0.0916
1214	0.08412
1215	0.08895
1216	0.08874
1217	0.08505
1218	0.09683
1219	0.07673
1220	0.08353
1221	0.07211
1222	0.09045
1223	0.0847
1224	0.08693
1225	0.07623
1226	0.07768
1227	0.08441
1228	0.08632
1229	0.07701
1230	0.0887
1231	0.08197
1232	0.07147
1233	0.07579
1234	0.0874
1235	0.07873
1236	0.0891
1237	0.07132
1238	0.07753
1239	0.08667
1240	0.08813
1241	0.08203
1242	0.09287
1243	0.08808
1244	0.08731
1245	0.08496
1246	0.07335
1247	0.08497
1248	0.08896
1249	0.0707
1250	0.0735
1251	0.08062
1252	0.0738
1253	0.07811
1254	0.08814
1255	0.0895
1256	0.09062
1257	0.09057
1258	0.079
1259	0.09054
1260	0.08024
1261	0.08646
1262	0.07629
1263	0.08208
1264	0.07612
1265	0.08335
1266	0.07149
1267	0.08122
1268	0.07298
1269	0.07788
1270	0.07854
1271	0.08686
1272	0.07947
1273	0.07472
1274	0.09491
1275	0.07935
1276	0.07477
1277	0.08085
1278	0.07875
1279	0.0881
1280	0.06935
1281	0.06457
1282	0.08174
1283	0.07139
1284	0.08635
1285	0.08462
1286	0.07922
1287	0.08358
1288	0.09055
1289	0.09523
1290	0.08723
1291	0.08584
1292	0.0764
1293	0.07872
1294	0.07626
1295	0.07936
1296	0.07768
1297	0.08475
1298	0.08467
1299	0.08316
1300	0.07825
1301	0.09141
1302	0.08285
1303	0.08502
1304	0.08837
1305	0.08251
1306	0.09538
1307	0.08579
1308	0.07828
1309	0.08547
1310	0.08363
1311	0.07443
1312	0.06666
1313	0.1002
1314	0.0952
1315	0.07737
1316	0.07679
1317	0.07365
1318	0.08016
1319	0.09463
1320	0.07227
1321	0.0846
1322	0.07789
1323	0.07953
1324	0.08085
1325	0.07418
1326	0.08403
1327	0.08206
1328	0.07751
1329	0.08542
1330	0.08191
1331	0.08492
1332	0.07726
1333	0.08185
1334	0.08101
1335	0.07769
1336	0.08016
1337	0.07172
1338	0.0788
1339	0.08473
1340	0.07225
1341	0.07904
1342	0.07087
1343	0.07924
1344	0.0796
1345	0.07972
1346	0.09875
1347	0.07992
1348	0.08741
1349	0.09123
1350	0.09008
1351	0.09089
1352	0.09329
1353	0.09388
1354	0.07976
1355	0.07311
1356	0.08696
1357	0.07866
1358	0.08723
1359	0.08803
1360	0.07309
1361	0.06971
1362	0.07799
1363	0.07939
1364	0.09212
1365	0.09213
1366	0.08241
1367	0.07421
1368	0.08088
1369	0.08062
1370	0.08528
1371	0.08134
1372	0.09188
1373	0.07426
1374	0.08101
1375	0.08052
1376	0.0974
1377	0.07602
1378	0.0826
1379	0.09197
1380	0.08677
1381	0.07998
1382	0.08418
1383	0.1026
1384	0.08714
1385	0.0715
1386	0.0819
1387	0.09881
1388	0.08373
1389	0.07663
1390	0.08295
1391	0.08668
1392	0.09607
1393	0.08513
1394	0.08311
1395	0.08393
1396	0.08841
1397	0.08721
1398	0.08084
1399	0.07395
1400	0.07842
1401	0.0835
1402	0.09825
1403	0.08036
1404	0.09234
1405	0.07952
1406	0.08645
1407	0.09207
1408	0.103
1409	0.08126
1410	0.08893
1411	0.08142
1412	0.09163
1413	0.0981
1414	0.09033
1415	0.07835
1416	0.07836
1417	0.07832
1418	0.08273
1419	0.09447
1420	0.0746
1421	0.08151
1422	0.07407
1423	0.08963
1424	0.07962
1425	0.07389
1426	0.1018
1427	0.1014
1428	0.07313
1429	0.08144
1430	0.07974
1431	0.08002
1432	0.08675
1433	0.07765
1434	0.07441
1435	0.06993
1436	0.07839
1437	0.0865
1438	0.08106
1439	0.07766
1440	0.07228
1441	0.08738
1442	0.08904
1443	0.08453
1444	0.1015
1445	0.08004
1446	0.07812
1447	0.09037
1448	0.08721
1449	0.08924
1450	0.07998
1451	0.07899
1452	0.08545
1453	0.08316
1454	0.0794
1455	0.07744
1456	0.07604
1457	0.07385
1458	0.06922
1459	0.07635
1460	0.07991
1461	0.08284
1462	0.07855
1463	0.08439
1464	0.08469
1465	0.08066
1466	0.09474
1467	0.06817
1468	0.08854
1469	0.08013
1470	0.07878
1471	0.08577
1472	0.09128
1473	0.07938
1474	0.07891
1475	0.08859
1476	0.08463
1477	0.08175
1478	0.07507
1479	0.07677
1480	0.08339
1481	0.08561
1482	0.08023
1483	0.08726
1484	0.07162
1485	0.0899
1486	0.09172
1487	0.07195
1488	0.09883
1489	0.07899
1490	0.09121
1491	0.07122
1492	0.07227
1493	0.0784
1494	0.07961
1495	0.07797
1496	0.1064
1497	0.08235
1498	0.0945
1499	0.08877
1500	0.08808
