1	1.222
2	1.288
3	1.274
4	1.188
5	1.192
6	1.218
7	1.221
8	1.216
9	1.196
10	1.221
11	1.203
12	1.18
13	1.168
14	1.196
15	1.238
16	1.246
17	1.293
18	1.288
19	1.294
20	1.3
21	1.261
22	1.259
23	1.227
24	1.236
25	1.204
26	1.153
27	1.154
28	1.161
29	1.169
30	1.111
31	1.086
32	1.063
33	1.052
34	1.043
35	1.071
36	1.065
37	1.028
38	1.029
39	0.9938
40	0.987
41	1.014
42	1.04
43	1.007
44	1.027
45	0.9863
46	0.9624
47	0.9438
48	0.9499
49	0.9193
50	0.9335
51	0.9422
52	0.9414
53	0.9426
54	1.008
55	0.9792
56	0.978
57	0.9175
58	0.8922
59	0.8911
60	0.9155
61	0.9008
62	0.8783
63	0.8367
64	0.8466
65	0.8452
66	0.8228
67	0.7897
68	0.7798
69	0.7916
70	0.8072
71	0.7854
72	0.8053
73	0.8082
74	0.7814
75	0.781
76	0.805
77	0.8044
78	0.7761
79	0.7419
80	0.7343
81	0.7527
82	0.7318
83	0.7233
84	0.7059
85	0.7237
86	0.7438
87	0.7493
88	0.7936
89	0.7922
90	0.7902
91	0.7524
92	0.7734
93	0.8321
94	0.8411
95	0.8228
96	0.8292
97	0.8422
98	0.854
99	0.8632
100	0.8586
101	0.8776
102	0.885
103	0.863
104	0.8668
105	0.9031
106	0.8673
107	0.8583
108	0.8331
109	0.8445
110	0.8298
111	0.8658
112	0.8795
113	0.9348
114	0.9121
115	0.8684
116	0.8327
117	0.8475
118	0.8281
119	0.857
120	0.9368
121	0.9385
122	0.9263
123	0.8664
124	0.8608
125	0.7901
126	0.7888
127	0.7839
128	0.8104
129	0.7967
130	0.7508
131	0.7735
132	0.754
133	0.6943
134	0.6772
135	0.6613
136	0.6718
137	0.7013
138	0.6763
139	0.7534
140	0.7514
141	0.7569
142	0.782
143	0.7694
144	0.7657
145	0.7292
146	0.7584
147	0.7549
148	0.7559
149	0.7805
150	0.824
151	0.8125
152	0.813
153	0.8104
154	0.7696
155	0.7845
156	0.7663
157	0.792
158	0.8335
159	0.8481
160	0.85
161	0.8518
162	0.8079
163	0.8321
164	0.8685
165	0.853
166	0.8207
167	0.8237
168	0.7632
169	0.7568
170	0.7698
171	0.8055
172	0.773
173	0.7884
174	0.8104
175	0.7655
176	0.7388
177	0.7408
178	0.7866
179	0.7777
180	0.7748
181	0.7841
182	0.7258
183	0.725
184	0.751
185	0.7471
186	0.78
187	0.8193
188	0.8491
189	0.7925
190	0.8365
191	0.8013
192	0.7861
193	0.7628
194	0.7757
195	0.8008
196	0.8227
197	0.832
198	0.8306
199	0.8171
200	0.7963
201	0.76
202	0.7528
203	0.7796
204	0.7713
205	0.7666
206	0.7456
207	0.7812
208	0.8072
209	0.8158
210	0.7907
211	0.7744
212	0.7979
213	0.7773
214	0.7935
215	0.7772
216	0.764
217	0.7419
218	0.7453
219	0.7503
220	0.81
221	0.765
222	0.7157
223	0.7361
224	0.7543
225	0.7069
226	0.696
227	0.6674
228	0.6896
229	0.7058
230	0.7366
231	0.77
232	0.7974
233	0.8274
234	0.8255
235	0.8073
236	0.8035
237	0.7768
238	0.7911
239	0.7912
240	0.8006
241	0.7651
242	0.7839
243	0.7923
244	0.8388
245	0.8383
246	0.8458
247	0.8124
248	0.8336
249	0.8782
250	0.8413
251	0.8612
252	0.8509
253	0.8773
254	0.8541
255	0.8261
256	0.7906
257	0.8345
258	0.8501
259	0.8734
260	0.8553
261	0.8284
262	0.8249
263	0.829
264	0.8481
265	0.8606
266	0.877
267	0.8427
268	0.8037
269	0.8337
270	0.8056
271	0.8447
272	0.8264
273	0.8014
274	0.7958
275	0.7911
276	0.8062
277	0.8484
278	0.8596
279	0.8778
280	0.8806
281	0.849
282	0.8524
283	0.8796
284	0.885
285	0.8343
286	0.8575
287	0.8435
288	0.8283
289	0.8246
290	0.8791
291	0.8823
292	0.9131
293	0.9173
294	0.9059
295	0.8894
296	0.8865
297	0.8758
298	0.8589
299	0.8552
300	0.8346
301	0.8828
302	0.8922
303	0.9035
304	0.8879
305	0.8694
306	0.8537
307	0.8609
308	0.8768
309	0.8552
310	0.8175
311	0.8301
312	0.852
313	0.8325
314	0.8585
315	0.8461
316	0.8891
317	0.8691
318	0.8245
319	0.7959
320	0.7785
321	0.7867
322	0.7795
323	0.7713
324	0.7586
325	0.7431
326	0.7255
327	0.7265
328	0.7403
329	0.7751
330	0.8008
331	0.8136
332	0.7941
333	0.7488
334	0.7627
335	0.7964
336	0.82
337	0.7915
338	0.8209
339	0.8445
340	0.858
341	0.8351
342	0.8145
343	0.8292
344	0.8651
345	0.8947
346	0.9284
347	0.9305
348	0.8909
349	0.8431
350	0.7917
351	0.8017
352	0.7853
353	0.8069
354	0.8178
355	0.7893
356	0.7981
357	0.7505
358	0.759
359	0.762
360	0.7968
361	0.7523
362	0.7767
363	0.7683
364	0.7622
365	0.7339
366	0.7576
367	0.7553
368	0.7209
369	0.7346
370	0.7286
371	0.7284
372	0.76
373	0.7371
374	0.7661
375	0.7889
376	0.7667
377	0.7484
378	0.7541
379	0.7105
380	0.7121
381	0.7109
382	0.7206
383	0.7931
384	0.846
385	0.8269
386	0.8214
387	0.8391
388	0.8314
389	0.7773
390	0.792
391	0.7863
392	0.8301
393	0.8406
394	0.8344
395	0.8191
396	0.8457
397	0.8649
398	0.9047
399	0.8895
400	0.9002
401	0.9049
402	0.8672
403	0.8555
404	0.8552
405	0.8832
406	0.8511
407	0.8492
408	0.8675
409	0.8273
410	0.7794
411	0.7444
412	0.7399
413	0.7616
414	0.7937
415	0.793
416	0.7937
417	0.7702
418	0.8329
419	0.8116
420	0.7937
421	0.779
422	0.7232
423	0.7121
424	0.7375
425	0.7314
426	0.7367
427	0.7601
428	0.7374
429	0.7058
430	0.7155
431	0.7138
432	0.7281
433	0.648
434	0.6696
435	0.7158
436	0.7089
437	0.7255
438	0.7303
439	0.6886
440	0.6832
441	0.6507
442	0.6633
443	0.6714
444	0.6734
445	0.716
446	0.6962
447	0.7078
448	0.7276
449	0.7157
450	0.7164
451	0.7744
452	0.7808
453	0.7795
454	0.7687
455	0.7707
456	0.7649
457	0.8029
458	0.8438
459	0.7951
460	0.8501
461	0.8561
462	0.9051
463	0.8828
464	0.8889
465	0.8064
466	0.776
467	0.77
468	0.7547
469	0.7492
470	0.7834
471	0.737
472	0.7273
473	0.7475
474	0.7524
475	0.7636
476	0.6988
477	0.712
478	0.6895
479	0.6929
480	0.6914
481	0.6806
482	0.6968
483	0.7105
484	0.6897
485	0.7392
486	0.7071
487	0.7287
488	0.7451
489	0.7933
490	0.7571
491	0.715
492	0.7351
493	0.6797
494	0.709
495	0.7262
496	0.6611
497	0.6692
498	0.6853
499	0.6683
500	0.6641
501	0.6611
502	0.6543
503	0.6407
504	0.6105
505	0.6061
506	0.5619
507	0.5468
508	0.6123
509	0.6139
510	0.6064
511	0.5967
512	0.6866
513	0.6829
514	0.6973
515	0.7159
516	0.6849
517	0.6697
518	0.6712
519	0.6887
520	0.6844
521	0.7243
522	0.6772
523	0.641
524	0.6503
525	0.6529
526	0.6129
527	0.5999
528	0.6024
529	0.6291
530	0.673
531	0.6463
532	0.6754
533	0.6991
534	0.6865
535	0.6465
536	0.6751
537	0.6816
538	0.6426
539	0.6409
540	0.6485
541	0.6633
542	0.6282
543	0.619
544	0.5768
545	0.5916
546	0.5927
547	0.5474
548	0.5513
549	0.5046
550	0.5208
551	0.531
552	0.5365
553	0.5143
554	0.496
555	0.5286
556	0.5381
557	0.5276
558	0.5466
559	0.541
560	0.5393
561	0.5469
562	0.5298
563	0.5558
564	0.5759
565	0.5731
566	0.5675
567	0.5439
568	0.5448
569	0.5333
570	0.4804
571	0.5315
572	0.5302
573	0.493
574	0.5248
575	0.4928
576	0.5024
577	0.4916
578	0.5318
579	0.5447
580	0.5443
581	0.5571
582	0.5537
583	0.5611
584	0.5394
585	0.5241
586	0.5353
587	0.5061
588	0.4995
589	0.51
590	0.5197
591	0.5853
592	0.5514
593	0.5986
594	0.5781
595	0.5915
596	0.5959
597	0.636
598	0.6167
599	0.6297
600	0.6249
601	0.6334
602	0.6719
603	0.7104
604	0.7654
605	0.7649
606	0.7638
607	0.7809
608	0.781
609	0.7752
610	0.7061
611	0.739
612	0.7526
613	0.7891
614	0.8003
615	0.7731
616	0.8199
617	0.8036
618	0.8171
619	0.8505
620	0.8756
621	0.9022
622	0.9349
623	0.9206
624	0.8734
625	0.8527
626	0.8442
627	0.8465
628	0.8065
629	0.8074
630	0.8296
631	0.8509
632	0.8002
633	0.7729
634	0.7945
635	0.836
636	0.8544
637	0.8268
638	0.8432
639	0.876
640	0.8459
641	0.8582
642	0.8426
643	0.8107
644	0.7594
645	0.7908
646	0.7642
647	0.7731
648	0.8219
649	0.8422
650	0.842
651	0.8617
652	0.9073
653	0.924
654	0.9412
655	0.9138
656	0.8945
657	0.8521
658	0.8801
659	0.8763
660	0.8576
661	0.872
662	0.8638
663	0.8627
664	0.8485
665	0.8287
666	0.8216
667	0.8393
668	0.861
669	0.8661
670	0.9234
671	0.8942
672	0.9197
673	0.9496
674	0.91
675	0.9188
676	0.9405
677	0.9427
678	0.9546
679	0.9395
680	0.9053
681	0.9029
682	0.8538
683	0.8668
684	0.8857
685	0.8825
686	0.8418
687	0.8483
688	0.8352
689	0.8662
690	0.8884
691	0.8864
692	0.8769
693	0.9096
694	0.9416
695	0.9114
696	0.8713
697	0.866
698	0.8243
699	0.8217
700	0.853
701	0.8605
702	0.8687
703	0.8318
704	0.8067
705	0.8009
706	0.7875
707	0.7548
708	0.7254
709	0.716
710	0.7746
711	0.7923
712	0.795
713	0.7873
714	0.7747
715	0.7989
716	0.8516
717	0.8619
718	0.9042
719	0.9072
720	0.8776
721	0.8838
722	0.8701
723	0.9088
724	0.9394
725	0.9684
726	1.035
727	0.997
728	0.9682
729	0.8798
730	0.8181
731	0.813
732	0.7938
733	0.8003
734	0.7644
735	0.7692
736	0.8076
737	0.7793
738	0.7696
739	0.7244
740	0.7343
741	0.7486
742	0.7849
743	0.807
744	0.8061
745	0.8228
746	0.8029
747	0.7828
748	0.8157
749	0.8484
750	0.8329
751	0.829
752	0.8209
753	0.8588
754	0.8946
755	0.9349
756	0.929
757	0.9588
758	0.9359
759	0.943
760	0.8955
761	0.8592
762	0.8635
763	0.8863
764	0.8586
765	0.856
766	0.863
767	0.9128
768	0.8864
769	0.8794
770	0.8236
771	0.8306
772	0.835
773	0.8473
774	0.8184
775	0.8254
776	0.8062
777	0.826
778	0.8315
779	0.8429
780	0.8271
781	0.8928
782	0.8405
783	0.8826
784	0.8809
785	0.8705
786	0.8474
787	0.8235
788	0.8663
789	0.8655
790	0.8481
791	0.803
792	0.8285
793	0.8831
794	0.9213
795	0.9398
796	0.9003
797	0.9032
798	0.9508
799	0.9711
800	0.9731
801	1.004
802	0.9956
803	1.004
804	1.046
805	1.044
806	1.033
807	1.031
808	1.043
809	1.022
810	1.019
811	1.039
812	1.032
813	1.012
814	1.03
815	1.015
816	1.014
817	1.009
818	1.008
819	0.9663
820	0.9811
821	0.9921
822	1.01
823	0.9639
824	0.9789
825	0.9624
826	0.9371
827	0.923
828	0.913
829	0.9393
830	0.9305
831	0.9282
832	0.9634
833	0.9745
834	0.9376
835	0.9097
836	0.9098
837	0.8979
838	0.9071
839	0.9143
840	0.9335
841	0.9569
842	0.9449
843	0.9336
844	0.908
845	0.9391
846	1.002
847	0.9691
848	1.003
849	1.008
850	1.017
851	1.01
852	1.013
853	0.9978
854	1.028
855	0.9872
856	1.004
857	0.9647
858	0.956
859	0.9456
860	1.014
861	1.0
862	0.9968
863	1.022
864	1.007
865	1.002
866	1.031
867	1.049
868	1.042
869	1.041
870	1.028
871	0.9996
872	1.004
873	1.034
874	1.016
875	1.008
876	0.9792
877	1.022
878	1.034
879	0.9911
880	0.9472
881	0.9837
882	0.9494
883	0.9026
884	0.9059
885	0.8957
886	0.9121
887	0.8819
888	0.8669
889	0.858
890	0.8641
891	0.8851
892	0.9041
893	0.8994
894	0.9214
895	0.9076
896	0.8418
897	0.8722
898	0.8413
899	0.8311
900	0.8596
901	0.861
902	0.8475
903	0.8386
904	0.8611
905	0.7996
906	0.8498
907	0.833
908	0.8498
909	0.8344
910	0.8546
911	0.8598
912	0.848
913	0.8822
914	0.8714
915	0.8727
916	0.8632
917	0.8636
918	0.8603
919	0.8647
920	0.8981
921	0.8948
922	0.9151
923	0.9144
924	0.9253
925	0.899
926	0.908
927	0.8812
928	0.8928
929	0.9
930	0.8894
931	0.8748
932	0.9
933	0.9003
934	0.8775
935	0.864
936	0.8427
937	0.8353
938	0.8437
939	0.8014
940	0.8282
941	0.8268
942	0.8447
943	0.8146
944	0.8203
945	0.8752
946	0.8959
947	0.9081
948	0.8434
949	0.824
950	0.8225
951	0.8413
952	0.832
953	0.8648
954	0.9088
955	0.9158
956	0.9346
957	0.9424
958	0.9292
959	0.8817
960	0.8914
961	0.8724
962	0.9329
963	0.9235
964	0.9373
965	0.955
966	0.9346
967	0.9024
968	0.8772
969	0.8899
970	0.9302
971	0.9409
972	0.95
973	0.944
974	0.9238
975	0.8914
976	0.944
977	0.9429
978	0.9226
979	0.9539
980	0.9076
981	0.9089
982	0.9034
983	0.9281
984	0.8772
985	0.8854
986	0.9513
987	0.9463
988	0.9526
989	0.9681
990	0.9411
991	0.96
992	0.9363
993	0.9191
994	0.9316
995	0.932
996	0.9776
997	0.9879
998	0.9699
999	0.9676
1000	0.9352
1001	0.937
1002	0.9013
1003	0.9407
1004	0.9442
1005	0.956
1006	0.9322
1007	0.9263
1008	0.9204
1009	0.9417
1010	0.9115
1011	0.8961
1012	0.9246
1013	0.8895
1014	0.8594
1015	0.9054
1016	0.8901
1017	0.8776
1018	0.8633
1019	0.8529
1020	0.7958
1021	0.7517
1022	0.75
1023	0.7541
1024	0.7878
1025	0.7976
1026	0.8117
1027	0.8445
1028	0.8372
1029	0.869
1030	0.8489
1031	0.8206
1032	0.7971
1033	0.7755
1034	0.7489
1035	0.7234
1036	0.7195
1037	0.7144
1038	0.711
1039	0.7454
1040	0.7799
1041	0.747
1042	0.7654
1043	0.754
1044	0.7331
1045	0.7367
1046	0.7669
1047	0.7764
1048	0.8149
1049	0.8129
1050	0.8306
1051	0.8398
1052	0.897
1053	0.8777
1054	0.8411
1055	0.8047
1056	0.8202
1057	0.8134
1058	0.7993
1059	0.7996
1060	0.8043
1061	0.8196
1062	0.8362
1063	0.874
1064	0.9375
1065	0.9549
1066	0.9661
1067	0.9821
1068	0.9811
1069	0.9724
1070	1.02
1071	0.9751
1072	0.9989
1073	0.9941
1074	0.9737
1075	0.9762
1076	0.9768
1077	0.9794
1078	0.9932
1079	0.9854
1080	0.9753
1081	0.9291
1082	0.9345
1083	0.9078
1084	0.9264
1085	0.9184
1086	0.9557
1087	0.9723
1088	0.9882
1089	0.9778
1090	0.9546
1091	0.9319
1092	0.965
1093	0.9506
1094	0.9322
1095	0.9537
1096	0.9323
1097	0.9565
1098	0.9112
1099	0.8647
1100	0.8957
1101	0.8625
1102	0.8526
1103	0.8691
1104	0.7947
1105	0.8111
1106	0.8278
1107	0.8513
1108	0.7842
1109	0.7585
1110	0.7499
1111	0.7582
1112	0.7544
1113	0.7605
1114	0.7677
1115	0.7709
1116	0.8081
1117	0.8267
1118	0.8172
1119	0.8356
1120	0.8493
1121	0.8598
1122	0.8878
1123	0.8768
1124	0.8836
1125	0.8591
1126	0.8868
1127	0.9107
1128	0.8758
1129	0.8491
1130	0.805
1131	0.8366
1132	0.8212
1133	0.8057
1134	0.8319
1135	0.8138
1136	0.803
1137	0.8082
1138	0.839
1139	0.8119
1140	0.7981
1141	0.7681
1142	0.7445
1143	0.7333
1144	0.7348
1145	0.7097
1146	0.6976
1147	0.6977
1148	0.666
1149	0.7205
1150	0.6896
1151	0.7058
1152	0.6996
1153	0.7467
1154	0.7599
1155	0.7562
1156	0.7117
1157	0.7119
1158	0.7104
1159	0.7362
1160	0.6882
1161	0.7308
1162	0.7465
1163	0.7129
1164	0.6881
1165	0.7293
1166	0.7413
1167	0.7001
1168	0.7444
1169	0.7477
1170	0.7587
1171	0.8005
1172	0.7954
1173	0.8065
1174	0.8011
1175	0.8238
1176	0.7814
1177	0.7477
1178	0.7493
1179	0.7282
1180	0.7625
1181	0.7577
1182	0.7923
1183	0.7853
1184	0.8113
1185	0.7936
1186	0.8489
1187	0.8751
1188	0.8604
1189	0.8287
1190	0.8068
1191	0.8189
1192	0.8319
1193	0.8372
1194	0.8105
1195	0.8194
1196	0.8359
1197	0.8466
1198	0.8814
1199	0.8649
1200	0.817
1201	0.8315
1202	0.8755
1203	0.8609
1204	0.8773
1205	0.9071
1206	0.9264
1207	0.9009
1208	0.9284
1209	0.9322
1210	0.9136
1211	0.9318
1212	0.9211
1213	0.9254
1214	0.9382
1215	0.9378
1216	0.9603
1217	0.9351
1218	0.9052
1219	0.8957
1220	0.8791
1221	0.9412
1222	0.8986
1223	0.8928
1224	0.8913
1225	0.9127
1226	0.9172
1227	0.8995
1228	0.9248
1229	0.8638
1230	0.8484
1231	0.8389
1232	0.8236
1233	0.8053
1234	0.8159
1235	0.8087
1236	0.826
1237	0.8582
1238	0.8743
1239	0.8678
1240	0.8562
1241	0.8543
1242	0.9117
1243	0.9377
1244	0.965
1245	0.9274
1246	0.9184
1247	0.8932
1248	0.8874
1249	0.8762
1250	0.896
1251	0.9004
1252	0.8499
1253	0.8612
1254	0.8384
1255	0.8601
1256	0.8395
1257	0.8356
1258	0.8134
1259	0.8168
1260	0.8144
1261	0.7864
1262	0.7782
1263	0.8021
1264	0.7975
1265	0.7587
1266	0.7672
1267	0.7672
1268	0.7756
1269	0.769
1270	0.7503
1271	0.7275
1272	0.6916
1273	0.688
1274	0.7008
1275	0.6861
1276	0.6701
1277	0.6479
1278	0.6671
1279	0.6329
1280	0.6346
1281	0.6601
1282	0.6625
1283	0.6628
1284	0.7092
1285	0.7274
1286	0.7098
1287	0.6678
1288	0.6687
1289	0.6574
1290	0.6527
1291	0.6933
1292	0.7021
1293	0.6783
1294	0.6705
1295	0.6573
1296	0.6318
1297	0.6809
1298	0.709
1299	0.712
1300	0.7205
1301	0.7259
1302	0.7117
1303	0.7012
1304	0.692
1305	0.719
1306	0.7256
1307	0.6862
1308	0.6812
1309	0.7063
1310	0.785
1311	0.7612
1312	0.7722
1313	0.7702
1314	0.7658
1315	0.7502
1316	0.7553
1317	0.7684
1318	0.7453
1319	0.7568
1320	0.7332
1321	0.7385
1322	0.8101
1323	0.8036
1324	0.8315
1325	0.8341
1326	0.8687
1327	0.8936
1328	0.9126
1329	0.909
1330	0.9311
1331	0.9245
1332	0.8801
1333	0.8901
1334	0.8973
1335	0.909
1336	0.8741
1337	0.9006
1338	0.889
1339	0.8527
1340	0.8493
1341	0.8691
1342	0.8457
1343	0.8943
1344	0.9313
1345	0.9493
1346	0.9421
1347	0.97
1348	0.9085
1349	0.8927
1350	0.9059
1351	0.9053
1352	0.8672
1353	0.8675
1354	0.8884
1355	0.8904
1356	0.8684
1357	0.9161
1358	0.8945
1359	0.8826
1360	0.8578
1361	0.8741
1362	0.8931
1363	0.8973
1364	0.8994
1365	0.9281
1366	0.9502
1367	0.9306
1368	0.9335
1369	0.9436
1370	0.9635
1371	0.9205
1372	0.9414
1373	0.9443
1374	0.9182
1375	0.9234
1376	0.9414
1377	0.9768
1378	0.9775
1379	0.9635
1380	0.924
1381	0.9017
1382	0.8829
1383	0.8856
1384	0.8786
1385	0.8651
1386	0.8159
1387	0.8131
1388	0.8284
1389	0.8209
1390	0.8218
1391	0.8139
1392	0.7876
1393	0.8315
1394	0.8521
1395	0.8429
1396	0.8309
1397	0.7749
1398	0.7692
1399	0.7534
1400	0.7569
1401	0.7781
1402	0.7537
1403	0.7158
1404	0.6854
1405	0.6717
1406	0.6749
1407	0.6519
1408	0.7055
1409	0.7004
1410	0.7714
1411	0.7453
1412	0.7474
1413	0.7198
1414	0.6941
1415	0.6717
1416	0.7085
1417	0.7602
1418	0.7328
1419	0.7311
1420	0.7467
1421	0.7573
1422	0.7105
1423	0.7141
1424	0.6962
1425	0.719
1426	0.6792
1427	0.7193
1428	0.7265
1429	0.6922
1430	0.6496
1431	0.6081
1432	0.5965
1433	0.6108
1434	0.6672
1435	0.665
1436	0.6759
1437	0.6459
1438	0.6832
1439	0.6979
1440	0.7037
1441	0.7208
1442	0.729
1443	0.7196
1444	0.7227
1445	0.7238
1446	0.7394
1447	0.769
1448	0.7347
1449	0.78
1450	0.8016
1451	0.7793
1452	0.7616
1453	0.703
1454	0.6772
1455	0.6599
1456	0.6506
1457	0.6783
1458	0.6781
1459	0.679
1460	0.688
1461	0.7569
1462	0.7955
1463	0.8124
1464	0.7876
1465	0.7924
1466	0.7697
1467	0.7642
1468	0.7759
1469	0.7845
1470	0.7845
1471	0.7943
1472	0.7856
1473	0.7535
1474	0.7571
1475	0.7664
1476	0.7806
1477	0.7511
1478	0.7558
1479	0.7244
1480	0.7236
1481	0.7018
1482	0.7303
1483	0.6902
1484	0.7076
1485	0.7039
1486	0.7097
1487	0.7398
1488	0.7009
1489	0.6811
1490	0.674
1491	0.6673
1492	0.628
1493	0.6734
1494	0.6884
1495	0.6887
1496	0.676
1497	0.6851
1498	0.7054
1499	0.712
1500	0.7227
1	0.0233
2	0.02277
3	0.0258
4	0.02636
5	0.02565
6	0.0256
7	0.02564
8	0.02584
9	0.02545
10	0.02506
11	0.02581
12	0.02699
13	0.0278
14	0.02607
15	0.0234
16	0.02402
17	0.0227
18	0.02247
19	0.02312
20	0.02396
21	0.02351
22	0.02462
23	0.0253
24	0.02505
25	0.02595
26	0.02722
27	0.02743
28	0.02757
29	0.02872
30	0.02937
31	0.03061
32	0.03139
33	0.03175
34	0.03156
35	0.03131
36	0.03204
37	0.03258
38	0.03371
39	0.03403
40	0.03362
41	0.03279
42	0.03195
43	0.03308
44	0.03285
45	0.03402
46	0.03447
47	0.0352
48	0.03675
49	0.03678
50	0.03473
51	0.03538
52	0.0353
53	0.03411
54	0.03393
55	0.03454
56	0.03524
57	0.037
58	0.03732
59	0.0371
60	0.03674
61	0.03701
62	0.03945
63	0.03923
64	0.03897
65	0.03944
66	0.0401
67	0.04126
68	0.04086
69	0.04069
70	0.04049
71	0.04124
72	0.04043
73	0.04185
74	0.04198
75	0.04091
76	0.04015
77	0.04055
78	0.04221
79	0.0438
80	0.0428
81	0.04238
82	0.04329
83	0.0448
84	0.04417
85	0.04257
86	0.043
87	0.04253
88	0.04136
89	0.04143
90	0.04151
91	0.04187
92	0.0404
93	0.03888
94	0.03966
95	0.03965
96	0.03982
97	0.03834
98	0.03907
99	0.03942
100	0.03824
101	0.03746
102	0.03854
103	0.03805
104	0.03783
105	0.037
106	0.03843
107	0.0395
108	0.0393
109	0.03997
110	0.0397
111	0.03843
112	0.0369
113	0.03633
114	0.03748
115	0.03983
116	0.03949
117	0.04086
118	0.03889
119	0.03731
120	0.03583
121	0.03615
122	0.03758
123	0.03932
124	0.04096
125	0.04161
126	0.04213
127	0.04025
128	0.04042
129	0.04132
130	0.04256
131	0.04227
132	0.0434
133	0.04543
134	0.04537
135	0.04581
136	0.04478
137	0.04448
138	0.04444
139	0.04301
140	0.04252
141	0.0425
142	0.04216
143	0.0422
144	0.04361
145	0.04338
146	0.04305
147	0.04291
148	0.04196
149	0.04092
150	0.03918
151	0.0403
152	0.03938
153	0.04089
154	0.04194
155	0.04178
156	0.04212
157	0.03995
158	0.03885
159	0.03942
160	0.03842
161	0.03957
162	0.0408
163	0.03873
164	0.03849
165	0.03886
166	0.04075
167	0.04101
168	0.04153
169	0.04295
170	0.04135
171	0.04036
172	0.04239
173	0.04023
174	0.04133
175	0.04341
176	0.04316
177	0.04156
178	0.04188
179	0.04208
180	0.04203
181	0.04233
182	0.04321
183	0.0432
184	0.04341
185	0.04204
186	0.03998
187	0.03969
188	0.04002
189	0.0394
190	0.03952
191	0.04148
192	0.04179
193	0.04263
194	0.04105
195	0.0407
196	0.03992
197	0.0407
198	0.04055
199	0.04158
200	0.04161
201	0.04183
202	0.04209
203	0.0417
204	0.04257
205	0.04308
206	0.042
207	0.04133
208	0.03939
209	0.0405
210	0.04092
211	0.04119
212	0.04185
213	0.0412
214	0.04222
215	0.04206
216	0.04262
217	0.04285
218	0.04274
219	0.04143
220	0.04108
221	0.0438
222	0.04333
223	0.04303
224	0.04465
225	0.04484
226	0.0444
227	0.04572
228	0.04465
229	0.04391
230	0.04216
231	0.04098
232	0.03972
233	0.03987
234	0.04001
235	0.03993
236	0.04166
237	0.04115
238	0.04083
239	0.04076
240	0.0411
241	0.04093
242	0.04061
243	0.04008
244	0.03996
245	0.03894
246	0.03993
247	0.04094
248	0.03833
249	0.03808
250	0.03935
251	0.03967
252	0.03893
253	0.03754
254	0.0393
255	0.04091
256	0.04007
257	0.03888
258	0.03845
259	0.03824
260	0.03935
261	0.04008
262	0.03984
263	0.03941
264	0.03845
265	0.03749
266	0.038
267	0.03994
268	0.04025
269	0.04099
270	0.03959
271	0.0392
272	0.04075
273	0.04014
274	0.04106
275	0.04105
276	0.04036
277	0.03868
278	0.03886
279	0.03731
280	0.03921
281	0.03863
282	0.03874
283	0.0379
284	0.03893
285	0.03853
286	0.03895
287	0.03959
288	0.0407
289	0.03875
290	0.03753
291	0.03679
292	0.03667
293	0.03645
294	0.03762
295	0.03696
296	0.03862
297	0.03914
298	0.03903
299	0.03953
300	0.03859
301	0.03701
302	0.03702
303	0.03788
304	0.03891
305	0.03855
306	0.03788
307	0.03873
308	0.03846
309	0.03921
310	0.04043
311	0.03938
312	0.0398
313	0.03986
314	0.03838
315	0.03973
316	0.03828
317	0.03858
318	0.04027
319	0.04266
320	0.04126
321	0.04135
322	0.04208
323	0.04215
324	0.04256
325	0.04362
326	0.04363
327	0.04304
328	0.04218
329	0.04108
330	0.041
331	0.04109
332	0.04231
333	0.04238
334	0.04134
335	0.04011
336	0.0405
337	0.04093
338	0.04007
339	0.03942
340	0.03969
341	0.03998
342	0.0398
343	0.03947
344	0.03683
345	0.03707
346	0.03635
347	0.03744
348	0.03766
349	0.04069
350	0.04061
351	0.04129
352	0.04136
353	0.04113
354	0.04056
355	0.04071
356	0.04195
357	0.04333
358	0.04249
359	0.04266
360	0.04159
361	0.04228
362	0.04173
363	0.0424
364	0.04226
365	0.04319
366	0.0423
367	0.04369
368	0.04425
369	0.04357
370	0.04317
371	0.04326
372	0.04286
373	0.0433
374	0.04114
375	0.04181
376	0.04332
377	0.04287
378	0.04351
379	0.04424
380	0.04404
381	0.04458
382	0.04301
383	0.04031
384	0.03975
385	0.04001
386	0.04003
387	0.03926
388	0.04149
389	0.04172
390	0.04136
391	0.04097
392	0.04005
393	0.03881
394	0.03926
395	0.03982
396	0.03878
397	0.03786
398	0.03712
399	0.03673
400	0.03791
401	0.03814
402	0.03872
403	0.03909
404	0.03821
405	0.03848
406	0.03954
407	0.03811
408	0.03854
409	0.04077
410	0.0423
411	0.04213
412	0.04261
413	0.04167
414	0.04158
415	0.04074
416	0.04183
417	0.04131
418	0.04067
419	0.04111
420	0.04144
421	0.04334
422	0.04481
423	0.0442
424	0.04331
425	0.04332
426	0.04237
427	0.04234
428	0.04377
429	0.04407
430	0.04453
431	0.04351
432	0.04542
433	0.04647
434	0.04542
435	0.04378
436	0.04446
437	0.04398
438	0.04474
439	0.04534
440	0.04695
441	0.04587
442	0.04573
443	0.04624
444	0.04422
445	0.04526
446	0.04465
447	0.04444
448	0.04347
449	0.04435
450	0.04264
451	0.04192
452	0.04177
453	0.04293
454	0.04173
455	0.0414
456	0.04103
457	0.0399
458	0.04032
459	0.03979
460	0.03848
461	0.03708
462	0.0373
463	0.0375
464	0.04035
465	0.04088
466	0.04172
467	0.04172
468	0.04218
469	0.04252
470	0.04206
471	0.04337
472	0.0437
473	0.04238
474	0.04186
475	0.044
476	0.044
477	0.04452
478	0.0445
479	0.04456
480	0.04559
481	0.04635
482	0.04423
483	0.04432
484	0.04352
485	0.04248
486	0.04426
487	0.04333
488	0.04199
489	0.04107
490	0.04302
491	0.04334
492	0.04418
493	0.04574
494	0.04437
495	0.04472
496	0.0463
497	0.04524
498	0.04474
499	0.04551
500	0.04591
501	0.04578
502	0.04684
503	0.04691
504	0.04798
505	0.04787
506	0.04988
507	0.04773
508	0.04695
509	0.04792
510	0.04779
511	0.04627
512	0.04511
513	0.04468
514	0.04427
515	0.04476
516	0.04532
517	0.04591
518	0.04669
519	0.04491
520	0.04419
521	0.04377
522	0.04643
523	0.04706
524	0.04622
525	0.04724
526	0.04865
527	0.04801
528	0.04771
529	0.04531
530	0.04597
531	0.04572
532	0.04495
533	0.04484
534	0.04618
535	0.04586
536	0.04529
537	0.04556
538	0.04658
539	0.04643
540	0.04635
541	0.04678
542	0.04735
543	0.04838
544	0.04876
545	0.04891
546	0.04876
547	0.05055
548	0.05087
549	0.05105
550	0.0511
551	0.05021
552	0.05141
553	0.05198
554	0.05214
555	0.05052
556	0.05111
557	0.05177
558	0.05121
559	0.05044
560	0.05078
561	0.05072
562	0.05051
563	0.05007
564	0.05038
565	0.0497
566	0.04991
567	0.05077
568	0.05092
569	0.05203
570	0.05176
571	0.05145
572	0.05237
573	0.05134
574	0.05193
575	0.05202
576	0.05279
577	0.0515
578	0.05056
579	0.05021
580	0.0508
581	0.04886
582	0.05028
583	0.05013
584	0.05101
585	0.05084
586	0.05118
587	0.05223
588	0.05279
589	0.05138
590	0.05001
591	0.04962
592	0.04936
593	0.04942
594	0.04917
595	0.04887
596	0.04751
597	0.04837
598	0.04687
599	0.04724
600	0.04736
601	0.04602
602	0.04428
603	0.04304
604	0.04244
605	0.04214
606	0.04201
607	0.04141
608	0.04121
609	0.04327
610	0.04427
611	0.04364
612	0.04191
613	0.04097
614	0.04117
615	0.04043
616	0.04077
617	0.04064
618	0.04076
619	0.03889
620	0.03854
621	0.03739
622	0.03559
623	0.03691
624	0.03928
625	0.03888
626	0.03882
627	0.03941
628	0.04066
629	0.03976
630	0.03855
631	0.03956
632	0.0421
633	0.04235
634	0.0405
635	0.03897
636	0.03999
637	0.04015
638	0.03825
639	0.03974
640	0.03911
641	0.03893
642	0.04191
643	0.0412
644	0.04126
645	0.04219
646	0.0418
647	0.0402
648	0.04055
649	0.03812
650	0.03901
651	0.03798
652	0.03589
653	0.03635
654	0.03664
655	0.03727
656	0.03879
657	0.0384
658	0.0379
659	0.03913
660	0.03835
661	0.03804
662	0.03831
663	0.03862
664	0.03997
665	0.03944
666	0.03981
667	0.03907
668	0.03803
669	0.03648
670	0.03623
671	0.0364
672	0.03633
673	0.03683
674	0.03593
675	0.03598
676	0.03633
677	0.03437
678	0.03558
679	0.0363
680	0.03747
681	0.03782
682	0.03895
683	0.03735
684	0.03683
685	0.03808
686	0.03945
687	0.03935
688	0.04003
689	0.03805
690	0.03815
691	0.03753
692	0.0372
693	0.03624
694	0.035
695	0.03721
696	0.03832
697	0.03842
698	0.04007
699	0.03911
700	0.03877
701	0.03851
702	0.03836
703	0.04061
704	0.04038
705	0.04089
706	0.04255
707	0.04261
708	0.0442
709	0.04271
710	0.04041
711	0.04132
712	0.042
713	0.04197
714	0.04208
715	0.03957
716	0.03817
717	0.03753
718	0.03692
719	0.03682
720	0.038
721	0.03763
722	0.03727
723	0.03611
724	0.03503
725	0.03281
726	0.03253
727	0.03456
728	0.03678
729	0.03909
730	0.04086
731	0.04115
732	0.04118
733	0.04154
734	0.04214
735	0.04156
736	0.04127
737	0.04252
738	0.04222
739	0.04405
740	0.04274
741	0.0423
742	0.04047
743	0.04142
744	0.04011
745	0.04074
746	0.04141
747	0.04053
748	0.03961
749	0.03903
750	0.04023
751	0.03934
752	0.03874
753	0.03799
754	0.03639
755	0.03644
756	0.03571
757	0.03591
758	0.03467
759	0.0363
760	0.03776
761	0.03941
762	0.03813
763	0.03847
764	0.03923
765	0.03898
766	0.03791
767	0.03738
768	0.03834
769	0.03934
770	0.04005
771	0.03981
772	0.03876
773	0.04014
774	0.03977
775	0.03976
776	0.04021
777	0.03979
778	0.03956
779	0.03988
780	0.03816
781	0.03879
782	0.039
783	0.03813
784	0.0375
785	0.03875
786	0.03943
787	0.03822
788	0.03894
789	0.03914
790	0.04022
791	0.03959
792	0.03903
793	0.03686
794	0.03618
795	0.03672
796	0.037
797	0.0362
798	0.0355
799	0.03435
800	0.03403
801	0.03324
802	0.03345
803	0.03249
804	0.03126
805	0.03151
806	0.03242
807	0.03251
808	0.03291
809	0.0327
810	0.03262
811	0.03248
812	0.03209
813	0.03289
814	0.03199
815	0.0319
816	0.03306
817	0.03261
818	0.03359
819	0.03351
820	0.03386
821	0.03345
822	0.03369
823	0.03288
824	0.03422
825	0.03441
826	0.03709
827	0.03713
828	0.03649
829	0.03568
830	0.03544
831	0.03574
832	0.03408
833	0.03537
834	0.03629
835	0.0371
836	0.03727
837	0.03697
838	0.03634
839	0.03594
840	0.03511
841	0.03559
842	0.03481
843	0.03655
844	0.03593
845	0.03461
846	0.03432
847	0.03401
848	0.03295
849	0.03183
850	0.03192
851	0.03242
852	0.033
853	0.03356
854	0.03272
855	0.03311
856	0.0336
857	0.03472
858	0.03487
859	0.03383
860	0.03368
861	0.03292
862	0.03262
863	0.03279
864	0.03313
865	0.03321
866	0.03204
867	0.03135
868	0.03208
869	0.03225
870	0.03295
871	0.03315
872	0.0327
873	0.03229
874	0.03344
875	0.03366
876	0.03255
877	0.03248
878	0.03261
879	0.0336
880	0.03543
881	0.03469
882	0.03655
883	0.03657
884	0.0372
885	0.03781
886	0.03754
887	0.03782
888	0.03807
889	0.03836
890	0.03736
891	0.03671
892	0.03701
893	0.0369
894	0.03671
895	0.03891
896	0.03892
897	0.03844
898	0.0396
899	0.03947
900	0.03791
901	0.03939
902	0.03816
903	0.03907
904	0.03923
905	0.04056
906	0.03927
907	0.03854
908	0.03891
909	0.03896
910	0.0378
911	0.03859
912	0.03921
913	0.03759
914	0.0387
915	0.03825
916	0.03734
917	0.0379
918	0.0389
919	0.03827
920	0.03735
921	0.03629
922	0.03695
923	0.03599
924	0.03746
925	0.03647
926	0.038
927	0.03684
928	0.03633
929	0.03688
930	0.03816
931	0.03787
932	0.03773
933	0.03712
934	0.03828
935	0.03848
936	0.03922
937	0.03966
938	0.04034
939	0.04113
940	0.04062
941	0.03933
942	0.03925
943	0.04043
944	0.03864
945	0.03825
946	0.03697
947	0.03787
948	0.03858
949	0.04
950	0.03943
951	0.03956
952	0.03985
953	0.03772
954	0.03664
955	0.03667
956	0.03604
957	0.03528
958	0.03647
959	0.03798
960	0.03779
961	0.03695
962	0.03529
963	0.036
964	0.03564
965	0.03505
966	0.03675
967	0.03656
968	0.03768
969	0.03694
970	0.03528
971	0.03464
972	0.03532
973	0.03475
974	0.03612
975	0.03644
976	0.03562
977	0.03644
978	0.03568
979	0.03618
980	0.03624
981	0.03707
982	0.03585
983	0.03696
984	0.03751
985	0.03615
986	0.03554
987	0.03542
988	0.03513
989	0.03527
990	0.03538
991	0.03541
992	0.03612
993	0.03613
994	0.03625
995	0.03475
996	0.03364
997	0.03417
998	0.03512
999	0.03556
1000	0.03551
1001	0.03643
1002	0.03767
1003	0.03554
1004	0.03488
1005	0.03533
1006	0.03511
1007	0.03721
1008	0.0364
1009	0.03727
1010	0.03703
1011	0.03728
1012	0.03757
1013	0.03727
1014	0.03779
1015	0.03683
1016	0.03804
1017	0.03865
1018	0.03915
1019	0.03938
1020	0.04165
1021	0.04236
1022	0.04181
1023	0.04209
1024	0.04159
1025	0.04157
1026	0.04045
1027	0.0391
1028	0.03864
1029	0.03863
1030	0.03913
1031	0.04032
1032	0.0408
1033	0.04179
1034	0.04371
1035	0.0438
1036	0.04351
1037	0.04487
1038	0.04308
1039	0.04204
1040	0.04215
1041	0.04293
1042	0.04256
1043	0.04261
1044	0.04439
1045	0.04305
1046	0.04223
1047	0.04066
1048	0.04039
1049	0.04003
1050	0.03985
1051	0.03837
1052	0.03767
1053	0.03891
1054	0.04096
1055	0.04042
1056	0.03995
1057	0.04082
1058	0.04056
1059	0.04041
1060	0.04044
1061	0.03919
1062	0.03882
1063	0.03738
1064	0.0358
1065	0.03439
1066	0.03483
1067	0.03397
1068	0.03406
1069	0.03379
1070	0.03282
1071	0.03334
1072	0.03348
1073	0.03356
1074	0.03395
1075	0.03389
1076	0.03414
1077	0.03404
1078	0.03351
1079	0.03452
1080	0.0357
1081	0.03531
1082	0.03675
1083	0.03588
1084	0.03534
1085	0.03612
1086	0.03462
1087	0.0338
1088	0.03315
1089	0.03462
1090	0.03562
1091	0.03541
1092	0.03523
1093	0.03613
1094	0.03558
1095	0.03558
1096	0.03606
1097	0.03579
1098	0.03682
1099	0.03795
1100	0.03788
1101	0.03954
1102	0.03843
1103	0.03905
1104	0.04045
1105	0.04078
1106	0.03994
1107	0.04015
1108	0.04168
1109	0.04279
1110	0.04223
1111	0.04251
1112	0.04278
1113	0.04198
1114	0.04221
1115	0.04137
1116	0.03988
1117	0.04031
1118	0.03883
1119	0.03984
1120	0.03942
1121	0.03728
1122	0.03772
1123	0.03712
1124	0.03846
1125	0.03753
1126	0.03742
1127	0.03718
1128	0.03814
1129	0.03976
1130	0.03969
1131	0.04054
1132	0.0391
1133	0.04053
1134	0.04059
1135	0.04048
1136	0.04051
1137	0.03925
1138	0.03966
1139	0.04082
1140	0.04079
1141	0.04335
1142	0.04315
1143	0.04373
1144	0.04443
1145	0.04537
1146	0.04499
1147	0.04425
1148	0.04496
1149	0.04413
1150	0.04404
1151	0.04418
1152	0.04384
1153	0.04301
1154	0.04237
1155	0.04367
1156	0.04423
1157	0.04398
1158	0.04317
1159	0.04374
1160	0.0438
1161	0.04349
1162	0.04483
1163	0.04375
1164	0.04362
1165	0.04299
1166	0.0441
1167	0.04409
1168	0.04298
1169	0.04266
1170	0.04199
1171	0.04123
1172	0.04092
1173	0.04086
1174	0.03984
1175	0.0402
1176	0.04286
1177	0.04263
1178	0.04233
1179	0.04254
1180	0.04237
1181	0.0423
1182	0.04028
1183	0.04042
1184	0.04061
1185	0.03985
1186	0.03822
1187	0.03757
1188	0.0391
1189	0.04028
1190	0.04061
1191	0.03928
1192	0.03955
1193	0.03995
1194	0.04013
1195	0.03922
1196	0.03907
1197	0.0386
1198	0.03844
1199	0.0391
1200	0.04013
1201	0.03911
1202	0.03793
1203	0.03837
1204	0.03675
1205	0.03666
1206	0.03698
1207	0.03607
1208	0.03611
1209	0.03472
1210	0.03675
1211	0.03608
1212	0.03606
1213	0.03608
1214	0.03518
1215	0.03583
1216	0.0348
1217	0.0362
1218	0.037
1219	0.03746
1220	0.03664
1221	0.03605
1222	0.03803
1223	0.03784
1224	0.03645
1225	0.03686
1226	0.03728
1227	0.03591
1228	0.03699
1229	0.03935
1230	0.03974
1231	0.03893
1232	0.04006
1233	0.04079
1234	0.04061
1235	0.04064
1236	0.03922
1237	0.03869
1238	0.03832
1239	0.0387
1240	0.03827
1241	0.03802
1242	0.03712
1243	0.03478
1244	0.03582
1245	0.03604
1246	0.03602
1247	0.03752
1248	0.03678
1249	0.03792
1250	0.03786
1251	0.03785
1252	0.03842
1253	0.03956
1254	0.03956
1255	0.03849
1256	0.03959
1257	0.04076
1258	0.03964
1259	0.03962
1260	0.04119
1261	0.04152
1262	0.04206
1263	0.04076
1264	0.04146
1265	0.04178
1266	0.04271
1267	0.0414
1268	0.04192
1269	0.04253
1270	0.04271
1271	0.04467
1272	0.04441
1273	0.04482
1274	0.04455
1275	0.04593
1276	0.04671
1277	0.04644
1278	0.0469
1279	0.04745
1280	0.046
1281	0.04608
1282	0.04531
1283	0.04622
1284	0.04394
1285	0.04353
1286	0.0448
1287	0.04645
1288	0.04606
1289	0.04569
1290	0.04444
1291	0.0446
1292	0.04492
1293	0.0452
1294	0.04654
1295	0.0464
1296	0.04675
1297	0.04471
1298	0.04432
1299	0.04424
1300	0.04372
1301	0.04369
1302	0.04372
1303	0.0442
1304	0.0448
1305	0.04393
1306	0.04407
1307	0.0453
1308	0.04509
1309	0.04323
1310	0.04212
1311	0.04204
1312	0.04128
1313	0.04168
1314	0.042
1315	0.0419
1316	0.04229
1317	0.04215
1318	0.04291
1319	0.04253
1320	0.04397
1321	0.04227
1322	0.04092
1323	0.04004
1324	0.03981
1325	0.03889
1326	0.03864
1327	0.03636
1328	0.03657
1329	0.03536
1330	0.03627
1331	0.03698
1332	0.03759
1333	0.0376
1334	0.03709
1335	0.03657
1336	0.03716
1337	0.03827
1338	0.03831
1339	0.03912
1340	0.03821
1341	0.03899
1342	0.03813
1343	0.0361
1344	0.03566
1345	0.0353
1346	0.03544
1347	0.03589
1348	0.0373
1349	0.03653
1350	0.03765
1351	0.03756
1352	0.03822
1353	0.03749
1354	0.03795
1355	0.03803
1356	0.03667
1357	0.03662
1358	0.03716
1359	0.03853
1360	0.03795
1361	0.03829
1362	0.03694
1363	0.03734
1364	0.03702
1365	0.03596
1366	0.0354
1367	0.03629
1368	0.03643
1369	0.03501
1370	0.03606
1371	0.036
1372	0.03607
1373	0.03505
1374	0.03679
1375	0.03593
1376	0.03507
1377	0.03462
1378	0.03436
1379	0.03602
1380	0.03571
1381	0.03753
1382	0.03764
1383	0.03763
1384	0.03812
1385	0.03918
1386	0.03973
1387	0.03987
1388	0.03985
1389	0.04042
1390	0.04019
1391	0.04055
1392	0.0402
1393	0.03949
1394	0.03885
1395	0.03966
1396	0.04081
1397	0.04127
1398	0.04326
1399	0.04255
1400	0.04184
1401	0.04234
1402	0.04418
1403	0.04403
1404	0.04628
1405	0.04659
1406	0.04583
1407	0.04498
1408	0.04445
1409	0.0436
1410	0.04195
1411	0.04338
1412	0.04358
1413	0.04422
1414	0.04627
1415	0.04509
1416	0.04305
1417	0.04251
1418	0.04327
1419	0.0421
1420	0.04353
1421	0.0438
1422	0.04491
1423	0.04533
1424	0.04456
1425	0.0451
1426	0.04408
1427	0.04321
1428	0.04349
1429	0.0454
1430	0.04721
1431	0.04822
1432	0.04822
1433	0.04738
1434	0.04533
1435	0.04545
1436	0.04654
1437	0.04635
1438	0.04455
1439	0.0442
1440	0.04469
1441	0.0434
1442	0.0434
1443	0.04465
1444	0.04316
1445	0.04341
1446	0.04231
1447	0.04329
1448	0.04208
1449	0.0408
1450	0.04062
1451	0.04234
1452	0.0425
1453	0.04568
1454	0.04485
1455	0.04613
1456	0.04643
1457	0.04473
1458	0.04569
1459	0.04574
1460	0.04427
1461	0.04219
1462	0.04134
1463	0.04064
1464	0.04114
1465	0.04116
1466	0.0414
1467	0.04156
1468	0.04193
1469	0.04164
1470	0.04209
1471	0.04136
1472	0.04204
1473	0.0421
1474	0.04258
1475	0.04191
1476	0.04189
1477	0.04277
1478	0.04303
1479	0.04315
1480	0.04479
1481	0.04459
1482	0.04444
1483	0.04549
1484	0.04415
1485	0.04407
1486	0.04374
1487	0.04399
1488	0.04542
1489	0.04552
1490	0.04578
1491	0.04696
1492	0.04566
1493	0.04473
1494	0.04508
1495	0.04512
1496	0.04447
1497	0.04463
1498	0.04459
1499	0.04396
1500	0.04363
1	97.61
2	94.35
3	104.7
4	92.82
5	90.4
6	90.09
7	91.41
8	90.2
9	90.64
10	90.22
11	89.19
12	88.8
13	88.11
14	88.74
15	96.75
16	93.08
17	94.76
18	96.34
19	95.36
20	99.87
21	94.34
22	93.46
23	91.04
24	91.15
25	89.95
26	92.08
27	89.72
28	87.57
29	91.8
30	87.54
31	83.56
32	88.55
33	85.14
34	82.78
35	83.58
36	85.65
37	91.36
38	84.89
39	80.76
40	80.36
41	83.94
42	81.69
43	81.04
44	84.01
45	80.77
46	79.79
47	79.81
48	86.98
49	79.97
50	81.88
51	79.31
52	79.29
53	84.48
54	82.43
55	80.35
56	84.72
57	82.72
58	78.33
59	79.57
60	82.62
61	79.77
62	83.81
63	78.18
64	77.9
65	78.11
66	78.82
67	78.03
68	79.86
69	79.58
70	77.83
71	78.07
72	78.26
73	81.48
74	79.6
75	82.07
76	78.33
77	77.98
78	78.3
79	79.41
80	80.91
81	81.63
82	78.33
83	81.48
84	79.47
85	81.26
86	79.65
87	78.62
88	78.22
89	79.09
90	79.93
91	79.25
92	84.61
93	79.2
94	78.37
95	78.77
96	77.83
97	79.82
98	78.02
99	79.73
100	80.71
101	80.69
102	79.51
103	79.07
104	79.69
105	79.5
106	81.79
107	79.86
108	80.09
109	79.24
110	80.73
111	78.04
112	82.56
113	80.44
114	81.93
115	83.61
116	80.52
117	84.15
118	81.24
119	82.43
120	78.92
121	85.22
122	83.67
123	80.1
124	89.32
125	78.1
126	79.27
127	81.32
128	77.93
129	78.35
130	83.06
131	78.3
132	80.38
133	79.83
134	80.61
135	80.68
136	81.76
137	81.27
138	81.21
139	78.78
140	78.48
141	78.17
142	78.92
143	77.99
144	82.33
145	78.58
146	80.78
147	80.22
148	79.23
149	78.75
150	79.92
151	78.59
152	81.79
153	79.81
154	92.95
155	78.06
156	78.92
157	80.77
158	83.96
159	78.92
160	80.1
161	80.46
162	77.86
163	80.03
164	80.71
165	82.06
166	79.05
167	80.19
168	80.83
169	82.61
170	83.95
171	79.73
172	83.34
173	81.04
174	79.88
175	81.41
176	82.45
177	85.11
178	78.68
179	78.8
180	78.07
181	79.8
182	79.16
183	78.73
184	79.33
185	79.95
186	84.23
187	78.28
188	81.31
189	83.96
190	77.85
191	83.81
192	79.15
193	79.73
194	80.57
195	78.13
196	80.5
197	80.61
198	79.5
199	83.16
200	78.7
201	80.15
202	79.09
203	77.91
204	80.64
205	86.95
206	79.91
207	77.94
208	81.66
209	77.91
210	82.36
211	78.64
212	79.45
213	79.36
214	83.83
215	78.12
216	78.31
217	80.05
218	78.34
219	85.79
220	83.45
221	85.78
222	79.77
223	78.56
224	90.65
225	80.93
226	80.06
227	81.04
228	79.31
229	79.82
230	82.81
231	80.58
232	81.98
233	78.49
234	79.27
235	79.54
236	79.67
237	80.1
238	79.92
239	78.16
240	78.26
241	80.99
242	81.29
243	81.03
244	79.33
245	78.51
246	80.12
247	78.5
248	81.17
249	78.89
250	77.88
251	81.41
252	78.23
253	81.47
254	78.4
255	81.46
256	80.43
257	79.12
258	79.3
259	78.14
260	80.57
261	78.46
262	77.81
263	78.53
264	81.93
265	80.58
266	78.08
267	79.65
268	78.25
269	83.5
270	81.33
271	78.04
272	79.34
273	78.89
274	77.81
275	78.2
276	78.6
277	78.42
278	78.2
279	79.05
280	82.1
281	79.07
282	78.3
283	78.74
284	87.5
285	80.13
286	79.13
287	79.14
288	79.36
289	81.25
290	78.44
291	81.33
292	78.72
293	78.77
294	79.41
295	80.51
296	83.72
297	81.21
298	79.86
299	80.24
300	83.56
301	81.28
302	78.64
303	80.27
304	81.6
305	78.13
306	81.66
307	78.94
308	87.97
309	78.62
310	79.0
311	79.85
312	81.13
313	78.69
314	78.49
315	78.51
316	79.28
317	78.36
318	78.5
319	85.8
320	79.35
321	78.9
322	79.07
323	78.31
324	80.5
325	79.01
326	78.73
327	80.39
328	80.61
329	81.16
330	78.15
331	78.82
332	82.33
333	79.69
334	79.62
335	79.85
336	78.32
337	79.85
338	77.92
339	79.19
340	79.83
341	79.33
342	78.83
343	79.59
344	85.8
345	78.55
346	79.94
347	84.65
348	78.47
349	83.75
350	78.56
351	81.68
352	78.25
353	78.39
354	78.03
355	78.66
356	80.24
357	78.88
358	78.8
359	78.32
360	79.18
361	78.54
362	77.91
363	81.31
364	78.43
365	78.61
366	78.44
367	80.8
368	78.84
369	78.39
370	78.9
371	78.58
372	80.53
373	78.24
374	81.78
375	82.17
376	81.43
377	78.09
378	81.47
379	79.69
380	80.31
381	79.02
382	80.13
383	79.13
384	78.53
385	78.31
386	80.73
387	78.01
388	85.75
389	77.89
390	80.16
391	78.18
392	78.61
393	80.62
394	78.02
395	79.36
396	78.16
397	78.74
398	81.39
399	80.96
400	84.04
401	81.42
402	79.19
403	78.07
404	79.05
405	79.11
406	78.83
407	79.68
408	78.52
409	79.85
410	82.63
411	79.9
412	79.15
413	82.24
414	78.55
415	78.3
416	81.38
417	79.24
418	79.91
419	82.3
420	78.54
421	84.43
422	80.86
423	78.56
424	78.99
425	80.19
426	81.45
427	79.52
428	80.21
429	83.35
430	79.13
431	79.1
432	86.46
433	80.17
434	80.46
435	78.56
436	79.02
437	78.84
438	83.5
439	82.99
440	85.85
441	80.44
442	79.54
443	80.28
444	83.25
445	83.57
446	79.61
447	81.81
448	78.46
449	83.95
450	82.64
451	77.98
452	83.72
453	81.43
454	78.26
455	78.74
456	81.0
457	80.53
458	80.4
459	81.5
460	78.45
461	84.36
462	81.07
463	78.31
464	94.24
465	79.93
466	78.09
467	79.41
468	78.33
469	79.13
470	80.09
471	79.72
472	80.78
473	78.64
474	81.37
475	86.31
476	80.17
477	81.25
478	81.88
479	82.43
480	82.16
481	81.42
482	79.42
483	80.16
484	83.82
485	79.1
486	78.73
487	78.94
488	80.76
489	77.79
490	79.85
491	79.4
492	80.24
493	79.91
494	80.47
495	85.2
496	79.68
497	81.03
498	80.72
499	81.5
500	80.24
501	79.6
502	82.24
503	80.85
504	82.0
505	81.06
506	82.69
507	95.33
508	82.52
509	81.17
510	82.92
511	90.09
512	81.16
513	81.12
514	79.78
515	80.74
516	79.12
517	81.44
518	81.63
519	79.8
520	80.82
521	79.3
522	81.36
523	81.43
524	80.64
525	82.33
526	82.36
527	82.08
528	81.52
529	89.31
530	90.29
531	81.64
532	80.25
533	79.83
534	81.6
535	81.59
536	79.78
537	80.0
538	81.1
539	80.65
540	79.99
541	81.05
542	81.07
543	83.68
544	82.61
545	82.23
546	81.53
547	85.31
548	84.4
549	85.94
550	85.88
551	85.7
552	85.44
553	86.53
554	88.75
555	84.09
556	84.71
557	85.56
558	85.26
559	83.66
560	86.57
561	83.69
562	84.0
563	83.13
564	85.62
565	83.12
566	83.56
567	83.67
568	84.73
569	87.17
570	90.09
571	85.03
572	88.76
573	87.42
574	87.44
575	87.13
576	87.29
577	87.24
578	84.2
579	83.37
580	84.0
581	85.0
582	87.22
583	82.91
584	85.9
585	87.25
586	86.13
587	87.55
588	88.73
589	85.05
590	87.66
591	86.35
592	85.09
593	84.85
594	82.39
595	83.51
596	83.87
597	84.39
598	83.19
599	81.28
600	80.5
601	82.2
602	83.44
603	81.21
604	79.24
605	79.74
606	78.56
607	78.12
608	78.09
609	82.39
610	80.23
611	78.96
612	80.95
613	77.97
614	78.58
615	82.83
616	78.6
617	79.61
618	81.0
619	77.96
620	81.25
621	78.57
622	79.61
623	80.25
624	80.62
625	78.09
626	78.27
627	78.5
628	78.08
629	80.32
630	81.58
631	80.09
632	81.72
633	78.85
634	78.7
635	80.23
636	81.42
637	78.14
638	84.01
639	83.8
640	78.54
641	79.59
642	91.95
643	79.52
644	83.35
645	80.89
646	79.63
647	84.14
648	78.33
649	80.67
650	79.49
651	79.3
652	80.7
653	79.11
654	81.53
655	79.41
656	83.0
657	78.81
658	78.14
659	81.38
660	81.78
661	78.14
662	78.03
663	78.14
664	85.4
665	78.97
666	80.84
667	79.71
668	79.24
669	85.68
670	80.38
671	80.23
672	78.65
673	87.99
674	80.07
675	79.25
676	80.03
677	82.81
678	81.05
679	81.61
680	79.16
681	80.57
682	77.95
683	80.28
684	80.06
685	79.22
686	77.88
687	81.64
688	80.98
689	78.24
690	79.25
691	81.53
692	80.28
693	79.47
694	82.6
695	81.67
696	78.31
697	77.98
698	78.21
699	80.03
700	77.91
701	78.97
702	77.99
703	80.01
704	78.21
705	78.52
706	84.1
707	85.24
708	79.84
709	81.66
710	81.84
711	80.47
712	79.62
713	78.62
714	78.91
715	82.66
716	79.73
717	84.47
718	78.85
719	80.87
720	78.31
721	80.68
722	81.11
723	79.54
724	80.53
725	92.01
726	84.18
727	82.29
728	88.88
729	81.22
730	80.76
731	79.09
732	77.82
733	78.73
734	79.17
735	78.35
736	78.87
737	79.46
738	78.13
739	78.73
740	78.85
741	79.78
742	79.87
743	82.46
744	78.46
745	79.62
746	78.71
747	79.92
748	79.55
749	77.85
750	78.88
751	78.22
752	81.54
753	78.92
754	80.46
755	79.54
756	79.21
757	81.21
758	81.79
759	80.12
760	80.98
761	79.53
762	79.15
763	79.52
764	80.26
765	77.97
766	80.11
767	79.55
768	79.72
769	82.53
770	78.53
771	77.87
772	79.26
773	80.05
774	81.5
775	80.08
776	78.2
777	77.99
778	78.54
779	79.37
780	84.3
781	82.65
782	79.0
783	78.8
784	79.18
785	80.61
786	78.42
787	84.12
788	78.77
789	78.97
790	80.76
791	81.55
792	79.14
793	80.13
794	80.84
795	82.74
796	80.13
797	80.03
798	86.67
799	79.77
800	80.08
801	80.54
802	81.66
803	87.03
804	82.43
805	82.51
806	81.52
807	81.66
808	85.24
809	84.58
810	81.26
811	82.21
812	81.47
813	82.84
814	82.23
815	83.15
816	81.71
817	81.51
818	81.44
819	82.5
820	80.19
821	80.56
822	85.46
823	88.72
824	80.8
825	81.12
826	82.44
827	82.46
828	78.83
829	81.35
830	79.88
831	79.15
832	81.32
833	82.03
834	80.54
835	78.85
836	79.55
837	79.88
838	79.39
839	84.58
840	80.87
841	81.22
842	81.2
843	79.72
844	81.94
845	82.49
846	85.4
847	80.95
848	81.3
849	84.37
850	82.76
851	82.45
852	83.54
853	81.88
854	81.89
855	81.76
856	80.79
857	82.54
858	86.1
859	85.61
860	81.94
861	84.46
862	82.24
863	81.1
864	80.63
865	80.54
866	81.52
867	83.48
868	83.38
869	83.25
870	81.85
871	82.02
872	82.3
873	82.51
874	87.82
875	81.22
876	85.66
877	81.17
878	81.75
879	80.49
880	79.21
881	80.75
882	84.11
883	79.99
884	79.18
885	82.52
886	80.07
887	78.17
888	78.48
889	78.21
890	83.62
891	80.32
892	78.85
893	82.44
894	83.82
895	87.56
896	80.02
897	83.11
898	85.38
899	78.04
900	83.12
901	79.54
902	79.68
903	83.77
904	80.76
905	78.0
906	77.98
907	80.35
908	77.88
909	80.16
910	81.31
911	77.96
912	78.02
913	78.23
914	78.69
915	78.1
916	82.67
917	78.82
918	78.15
919	81.32
920	82.06
921	80.59
922	78.98
923	79.51
924	81.79
925	80.59
926	81.15
927	80.27
928	81.15
929	79.27
930	81.07
931	78.51
932	80.46
933	78.34
934	78.23
935	78.07
936	78.0
937	78.31
938	80.78
939	78.05
940	79.14
941	78.54
942	77.84
943	78.84
944	85.14
945	79.72
946	78.53
947	80.95
948	83.36
949	80.13
950	79.78
951	79.23
952	81.23
953	79.35
954	78.56
955	78.64
956	79.39
957	79.63
958	82.07
959	78.65
960	78.67
961	81.56
962	80.58
963	80.4
964	80.74
965	79.45
966	80.42
967	78.91
968	78.29
969	84.15
970	84.35
971	81.1
972	79.23
973	80.38
974	79.49
975	80.54
976	79.08
977	80.55
978	79.67
979	83.03
980	81.31
981	78.56
982	81.42
983	80.92
984	79.27
985	87.53
986	82.65
987	79.43
988	79.25
989	87.01
990	79.99
991	79.94
992	85.47
993	78.97
994	78.95
995	81.92
996	80.69
997	80.34
998	80.34
999	81.32
1000	79.55
1001	79.74
1002	79.37
1003	81.08
1004	81.16
1005	80.74
1006	80.99
1007	80.85
1008	79.29
1009	85.72
1010	78.76
1011	78.38
1012	82.89
1013	83.62
1014	80.39
1015	80.33
1016	78.93
1017	80.57
1018	78.9
1019	79.27
1020	78.57
1021	79.51
1022	79.74
1023	79.26
1024	78.13
1025	78.65
1026	77.75
1027	79.51
1028	84.5
1029	78.2
1030	77.94
1031	78.17
1032	79.67
1033	77.99
1034	79.93
1035	80.12
1036	78.74
1037	80.68
1038	82.91
1039	79.63
1040	78.93
1041	78.25
1042	79.2
1043	78.02
1044	82.48
1045	78.53
1046	77.99
1047	80.22
1048	78.02
1049	78.65
1050	77.97
1051	81.58
1052	81.36
1053	80.61
1054	84.12
1055	77.92
1056	78.77
1057	78.17
1058	79.27
1059	79.21
1060	77.94
1061	80.04
1062	80.4
1063	82.0
1064	80.06
1065	80.69
1066	80.8
1067	79.99
1068	82.61
1069	81.15
1070	83.43
1071	82.06
1072	80.57
1073	80.99
1074	80.36
1075	80.41
1076	79.87
1077	80.02
1078	82.87
1079	80.76
1080	84.19
1081	80.66
1082	84.52
1083	80.54
1084	81.05
1085	79.29
1086	79.78
1087	82.94
1088	84.18
1089	81.03
1090	84.51
1091	80.6
1092	80.39
1093	80.71
1094	85.82
1095	79.59
1096	79.24
1097	80.36
1098	79.3
1099	78.55
1100	78.94
1101	83.92
1102	78.53
1103	79.61
1104	79.78
1105	79.2
1106	80.53
1107	81.07
1108	81.0
1109	78.33
1110	79.06
1111	78.33
1112	78.21
1113	79.47
1114	78.48
1115	81.09
1116	78.72
1117	78.25
1118	82.92
1119	81.53
1120	81.22
1121	81.75
1122	79.4
1123	80.18
1124	79.63
1125	82.2
1126	80.66
1127	81.88
1128	78.08
1129	79.37
1130	79.77
1131	79.92
1132	80.0
1133	78.93
1134	84.24
1135	78.68
1136	77.92
1137	81.38
1138	79.32
1139	85.34
1140	80.13
1141	82.08
1142	78.54
1143	83.01
1144	81.42
1145	82.0
1146	79.1
1147	80.57
1148	81.29
1149	80.58
1150	80.62
1151	79.2
1152	80.18
1153	79.55
1154	78.81
1155	81.42
1156	78.65
1157	78.56
1158	83.17
1159	79.02
1160	82.24
1161	78.28
1162	89.24
1163	79.16
1164	82.88
1165	80.14
1166	80.61
1167	79.18
1168	81.04
1169	78.25
1170	78.48
1171	78.95
1172	78.31
1173	78.61
1174	80.02
1175	77.85
1176	81.31
1177	78.15
1178	80.06
1179	81.58
1180	77.97
1181	78.03
1182	79.81
1183	79.91
1184	77.8
1185	82.5
1186	83.24
1187	78.73
1188	79.96
1189	78.25
1190	79.04
1191	79.62
1192	77.83
1193	79.7
1194	79.56
1195	81.43
1196	78.68
1197	80.54
1198	78.8
1199	78.77
1200	77.87
1201	82.13
1202	82.7
1203	86.41
1204	81.63
1205	78.82
1206	82.48
1207	82.59
1208	80.53
1209	82.2
1210	78.56
1211	79.16
1212	78.99
1213	79.65
1214	81.43
1215	79.01
1216	79.45
1217	79.12
1218	85.92
1219	78.72
1220	81.73
1221	79.37
1222	79.65
1223	78.8
1224	80.45
1225	82.12
1226	80.87
1227	81.96
1228	81.35
1229	79.49
1230	78.85
1231	78.74
1232	79.86
1233	79.99
1234	78.98
1235	86.43
1236	79.4
1237	77.91
1238	78.92
1239	78.93
1240	78.64
1241	79.92
1242	78.78
1243	81.96
1244	81.82
1245	80.92
1246	79.14
1247	78.96
1248	80.46
1249	78.11
1250	78.92
1251	79.76
1252	78.64
1253	83.53
1254	78.31
1255	79.53
1256	79.5
1257	82.84
1258	81.78
1259	78.9
1260	79.48
1261	81.44
1262	79.5
1263	79.41
1264	78.29
1265	78.77
1266	78.72
1267	78.85
1268	78.84
1269	79.31
1270	78.19
1271	81.41
1272	79.77
1273	79.2
1274	79.15
1275	82.62
1276	81.87
1277	80.0
1278	83.41
1279	83.14
1280	82.48
1281	81.96
1282	83.92
1283	82.47
1284	78.92
1285	78.75
1286	81.29
1287	80.55
1288	80.81
1289	80.66
1290	86.69
1291	82.77
1292	80.2
1293	79.32
1294	82.07
1295	79.89
1296	81.27
1297	80.58
1298	78.72
1299	80.67
1300	78.59
1301	79.33
1302	78.97
1303	80.63
1304	79.38
1305	78.49
1306	79.08
1307	79.44
1308	79.48
1309	81.2
1310	79.61
1311	78.98
1312	79.5
1313	78.28
1314	77.97
1315	79.42
1316	78.95
1317	80.79
1318	79.6
1319	78.02
1320	84.41
1321	80.14
1322	79.95
1323	78.75
1324	77.82
1325	78.83
1326	78.39
1327	80.46
1328	78.72
1329	82.96
1330	83.05
1331	80.28
1332	78.92
1333	78.36
1334	78.36
1335	78.67
1336	81.08
1337	84.63
1338	80.64
1339	78.85
1340	79.28
1341	80.43
1342	80.25
1343	87.71
1344	79.07
1345	79.42
1346	84.69
1347	83.18
1348	79.74
1349	80.04
1350	80.9
1351	81.19
1352	79.3
1353	81.87
1354	78.58
1355	84.25
1356	84.81
1357	78.71
1358	79.12
1359	79.18
1360	79.18
1361	78.39
1362	80.21
1363	78.37
1364	78.38
1365	78.83
1366	80.49
1367	80.05
1368	79.37
1369	80.64
1370	83.12
1371	79.0
1372	81.23
1373	79.54
1374	78.91
1375	79.58
1376	81.08
1377	80.08
1378	79.97
1379	89.11
1380	79.37
1381	79.26
1382	78.96
1383	78.88
1384	78.88
1385	79.04
1386	80.92
1387	79.04
1388	84.59
1389	78.15
1390	77.97
1391	77.84
1392	82.84
1393	77.88
1394	79.57
1395	81.63
1396	82.07
1397	79.14
1398	81.4
1399	78.79
1400	79.42
1401	79.55
1402	83.67
1403	78.47
1404	83.08
1405	81.73
1406	79.93
1407	83.52
1408	81.6
1409	80.52
1410	77.89
1411	81.1
1412	79.8
1413	80.31
1414	83.52
1415	79.82
1416	82.16
1417	78.64
1418	78.36
1419	81.74
1420	79.07
1421	81.72
1422	82.22
1423	82.02
1424	79.57
1425	81.57
1426	82.75
1427	83.23
1428	79.96
1429	80.45
1430	81.02
1431	82.82
1432	84.29
1433	82.72
1434	79.79
1435	79.89
1436	84.9
1437	79.95
1438	81.11
1439	79.78
1440	78.8
1441	79.35
1442	78.3
1443	82.37
1444	79.12
1445	79.28
1446	79.47
1447	81.21
1448	81.91
1449	79.97
1450	77.84
1451	79.1
1452	78.68
1453	82.7
1454	81.01
1455	82.41
1456	80.78
1457	79.93
1458	79.53
1459	79.56
1460	80.29
1461	78.38
1462	78.08
1463	77.86
1464	78.83
1465	79.5
1466	78.66
1467	79.27
1468	78.19
1469	77.89
1470	78.94
1471	80.05
1472	78.69
1473	78.54
1474	78.47
1475	78.79
1476	79.15
1477	78.61
1478	78.61
1479	78.88
1480	82.22
1481	79.93
1482	82.31
1483	79.71
1484	79.42
1485	79.25
1486	79.05
1487	79.79
1488	82.67
1489	79.53
1490	79.36
1491	83.17
1492	85.21
1493	82.34
1494	79.56
1495	79.22
1496	82.48
1497	82.36
1498	80.61
1499	79.82
1500	78.39
1	0.08897
2	0.08718
3	0.09173
4	0.07056
5	0.09379
6	0.08841
7	0.07841
8	0.08953
9	0.07936
10	0.08602
11	0.08379
12	0.07803
13	0.09055
14	0.0863
15	0.0761
16	0.07853
17	0.08997
18	0.07784
19	0.08544
20	0.09019
21	0.09793
22	0.08832
23	0.08096
24	0.08687
25	0.09335
26	0.06966
27	0.07252
28	0.07847
29	0.0916
30	0.09933
31	0.08443
32	0.1053
33	0.07112
34	0.09045
35	0.08868
36	0.0759
37	0.06263
38	0.08009
39	0.08698
40	0.08046
41	0.09771
42	0.08144
43	0.08769
44	0.07192
45	0.07624
46	0.08347
47	0.07697
48	0.07027
49	0.0907
50	0.0805
51	0.08544
52	0.08034
53	0.0763
54	0.08956
55	0.07823
56	0.09808
57	0.06911
58	0.08381
59	0.07466
60	0.0992
61	0.09148
62	0.07513
63	0.07817
64	0.08209
65	0.07882
66	0.08987
67	0.08547
68	0.07537
69	0.07372
70	0.07987
71	0.0852
72	0.07717
73	0.08761
74	0.07346
75	0.06948
76	0.08102
77	0.08497
78	0.08089
79	0.08285
80	0.09432
81	0.09768
82	0.07998
83	0.08925
84	0.08907
85	0.07809
86	0.07309
87	0.07681
88	0.08605
89	0.07409
90	0.09328
91	0.08025
92	0.09665
93	0.07935
94	0.07734
95	0.08853
96	0.08351
97	0.07988
98	0.08356
99	0.08567
100	0.09468
101	0.09375
102	0.0812
103	0.07606
104	0.07457
105	0.07432
106	0.09842
107	0.07609
108	0.09363
109	0.07831
110	0.09612
111	0.08378
112	0.09537
113	0.09092
114	0.09489
115	0.07562
116	0.0954
117	0.08696
118	0.07312
119	0.07931
120	0.08155
121	0.1038
122	0.0919
123	0.07746
124	0.08016
125	0.08083
126	0.08212
127	0.08852
128	0.07853
129	0.08636
130	0.06695
131	0.08016
132	0.09012
133	0.0851
134	0.07359
135	0.09084
136	0.07505
137	0.09541
138	0.08166
139	0.07724
140	0.07709
141	0.07862
142	0.07805
143	0.0811
144	0.08323
145	0.07794
146	0.09355
147	0.07218
148	0.07609
149	0.08285
150	0.07541
151	0.07516
152	0.09404
153	0.0925
154	0.05822
155	0.08118
156	0.08974
157	0.0821
158	0.06729
159	0.08913
160	0.092
161	0.09304
162	0.08229
163	0.0775
164	0.07052
165	0.06799
166	0.07716
167	0.07831
168	0.09348
169	0.06824
170	0.06681
171	0.07239
172	0.06715
173	0.07542
174	0.0887
175	0.08659
176	0.06794
177	0.0967
178	0.08624
179	0.07599
180	0.08407
181	0.07745
182	0.07675
183	0.08112
184	0.08555
185	0.08849
186	0.07599
187	0.08423
188	0.09258
189	0.08209
190	0.0799
191	0.06689
192	0.07464
193	0.0917
194	0.09267
195	0.0862
196	0.07036
197	0.08926
198	0.07759
199	0.09396
200	0.07888
201	0.07288
202	0.07664
203	0.07971
204	0.09342
205	0.1065
206	0.07851
207	0.08192
208	0.07565
209	0.08349
210	0.0677
211	0.08155
212	0.0809
213	0.07471
214	0.09866
215	0.08296
216	0.08245
217	0.07226
218	0.07846
219	0.1014
220	0.1014
221	0.09692
222	0.08739
223	0.07789
224	0.1021
225	0.0729
226	0.07468
227	0.07309
228	0.07849
229	0.07555
230	0.07183
231	0.08898
232	0.07522
233	0.0884
234	0.07307
235	0.0895
236	0.07905
237	0.07305
238	0.07222
239	0.08224
240	0.08646
241	0.08388
242	0.07232
243	0.07555
244	0.08973
245	0.07871
246	0.07452
247	0.08492
248	0.0834
249	0.07538
250	0.08367
251	0.0747
252	0.0864
253	0.07016
254	0.07904
255	0.09288
256	0.08336
257	0.08645
258	0.07547
259	0.07942
260	0.07179
261	0.08752
262	0.08042
263	0.07679
264	0.06969
265	0.08357
266	0.08278
267	0.07499
268	0.08307
269	0.07327
270	0.07452
271	0.07825
272	0.08034
273	0.07867
274	0.08028
275	0.08646
276	0.0883
277	0.07811
278	0.08522
279	0.08332
280	0.08852
281	0.07521
282	0.07735
283	0.08816
284	0.1056
285	0.08181
286	0.07413
287	0.09017
288	0.08256
289	0.0774
290	0.08295
291	0.07521
292	0.07857
293	0.07878
294	0.07991
295	0.09233
296	0.09909
297	0.08978
298	0.0726
299	0.09151
300	0.09904
301	0.09355
302	0.08102
303	0.07734
304	0.08447
305	0.08097
306	0.07302
307	0.07464
308	0.06233
309	0.08699
310	0.09036
311	0.09276
312	0.09318
313	0.07514
314	0.08654
315	0.08065
316	0.08026
317	0.08546
318	0.08748
319	0.0972
320	0.09059
321	0.0901
322	0.07537
323	0.07758
324	0.09484
325	0.08079
326	0.08681
327	0.09198
328	0.07572
329	0.09466
330	0.07741
331	0.08195
332	0.09288
333	0.07367
334	0.08358
335	0.08778
336	0.07791
337	0.09316
338	0.07863
339	0.07368
340	0.08137
341	0.07403
342	0.07657
343	0.09212
344	0.07249
345	0.08447
346	0.09037
347	0.09491
348	0.07848
349	0.07338
350	0.07921
351	0.09759
352	0.08685
353	0.07958
354	0.08283
355	0.0857
356	0.0871
357	0.08267
358	0.08886
359	0.07997
360	0.0761
361	0.078
362	0.07979
363	0.06973
364	0.07663
365	0.07742
366	0.08686
367	0.08348
368	0.08236
369	0.08147
370	0.07735
371	0.08496
372	0.09367
373	0.08057
374	0.07264
375	0.09852
376	0.07767
377	0.08136
378	0.09285
379	0.07433
380	0.07257
381	0.07961
382	0.0878
383	0.08214
384	0.0815
385	0.08726
386	0.09615
387	0.07874
388	0.09438
389	0.08332
390	0.07122
391	0.08016
392	0.08811
393	0.07164
394	0.08133
395	0.09121
396	0.0815
397	0.08039
398	0.07009
399	0.09179
400	0.1009
401	0.08728
402	0.07472
403	0.08038
404	0.0869
405	0.08103
406	0.08627
407	0.0839
408	0.07665
409	0.08713
410	0.0989
411	0.08797
412	0.07661
413	0.09798
414	0.07785
415	0.08533
416	0.07107
417	0.07701
418	0.08137
419	0.09826
420	0.08743
421	0.07718
422	0.08171
423	0.08308
424	0.07549
425	0.07215
426	0.09352
427	0.0919
428	0.07397
429	0.0677
430	0.08016
431	0.08106
432	0.09238
433	0.08706
434	0.07501
435	0.081
436	0.07765
437	0.08579
438	0.07343
439	0.09889
440	0.09042
441	0.08573
442	0.08328
443	0.08615
444	0.08905
445	0.07377
446	0.08926
447	0.06983
448	0.08481
449	0.102
450	0.08974
451	0.07947
452	0.103
453	0.08585
454	0.08513
455	0.08573
456	0.0882
457	0.09137
458	0.07883
459	0.07733
460	0.08259
461	0.08982
462	0.09505
463	0.08145
464	0.07996
465	0.09352
466	0.0854
467	0.09129
468	0.07996
469	0.07474
470	0.09216
471	0.07327
472	0.07109
473	0.07857
474	0.07193
475	0.07399
476	0.08891
477	0.07133
478	0.07113
479	0.09795
480	0.07191
481	0.08294
482	0.08605
483	0.09218
484	0.07672
485	0.08477
486	0.07931
487	0.08793
488	0.07511
489	0.08241
490	0.09082
491	0.08338
492	0.08694
493	0.08739
494	0.0724
495	0.1008
496	0.08203
497	0.09159
498	0.0921
499	0.0722
500	0.07575
501	0.08284
502	0.07289
503	0.07597
504	0.07511
505	0.08396
506	0.08103
507	0.08432
508	0.08731
509	0.07826
510	0.09411
511	0.0848
512	0.07177
513	0.0925
514	0.08884
515	0.09054
516	0.08364
517	0.07226
518	0.08134
519	0.07534
520	0.08227
521	0.08959
522	0.08054
523	0.09154
524	0.0758
525	0.0904
526	0.08521
527	0.09004
528	0.08329
529	0.09738
530	0.1132
531	0.08794
532	0.08804
533	0.07495
534	0.08094
535	0.07622
536	0.07695
537	0.076
538	0.0748
539	0.08789
540	0.07929
541	0.08524
542	0.08926
543	0.07381
544	0.07852
545	0.07761
546	0.0831
547	0.07353
548	0.08708
549	0.08515
550	0.07454
551	0.09337
552	0.09063
553	0.07548
554	0.1006
555	0.08366
556	0.09032
557	0.08022
558	0.08816
559	0.07921
560	0.09871
561	0.08128
562	0.08423
563	0.07917
564	0.07855
565	0.07755
566	0.0909
567	0.08157
568	0.07725
569	0.08804
570	0.07393
571	0.079
572	0.08107
573	0.09084
574	0.07464
575	0.09516
576	0.07908
577	0.09121
578	0.08898
579	0.0803
580	0.07936
581	0.08922
582	0.1016
583	0.08363
584	0.09572
585	0.07153
586	0.07378
587	0.09714
588	0.09771
589	0.07975
590	0.07946
591	0.09932
592	0.09301
593	0.07602
594	0.08848
595	0.07332
596	0.07635
597	0.08219
598	0.0748
599	0.07543
600	0.08465
601	0.08373
602	0.07733
603	0.08424
604	0.0904
605	0.0723
606	0.08763
607	0.0781
608	0.08184
609	0.08166
610	0.09231
611	0.08577
612	0.07245
613	0.08208
614	0.07601
615	0.09061
616	0.08269
617	0.09277
618	0.09559
619	0.08378
620	0.09584
621	0.08062
622	0.07666
623	0.09067
624	0.08276
625	0.07826
626	0.07948
627	0.08743
628	0.07745
629	0.09093
630	0.08976
631	0.0731
632	0.07613
633	0.07666
634	0.07813
635	0.09293
636	0.09035
637	0.08532
638	0.06874
639	0.08556
640	0.07565
641	0.09203
642	0.08099
643	0.07606
644	0.09708
645	0.07483
646	0.09143
647	0.09041
648	0.08399
649	0.08233
650	0.09165
651	0.07618
652	0.08613
653	0.08701
654	0.08875
655	0.08486
656	0.08997
657	0.07748
658	0.08016
659	0.09043
660	0.09794
661	0.07984
662	0.08132
663	0.07851
664	0.1039
665	0.08948
666	0.06997
667	0.09233
668	0.08819
669	0.08122
670	0.09264
671	0.08282
672	0.08125
673	0.06946
674	0.0844
675	0.0851
676	0.0793
677	0.07675
678	0.09203
679	0.09389
680	0.07835
681	0.09057
682	0.08353
683	0.08026
684	0.0872
685	0.07483
686	0.0829
687	0.09801
688	0.09572
689	0.08229
690	0.08733
691	0.09727
692	0.0895
693	0.07784
694	0.09644
695	0.07064
696	0.07783
697	0.08257
698	0.07691
699	0.08739
700	0.08121
701	0.08979
702	0.08205
703	0.07708
704	0.07745
705	0.07544
706	0.07029
707	0.06437
708	0.08936
709	0.08369
710	0.08116
711	0.09523
712	0.082
713	0.08165
714	0.08928
715	0.09222
716	0.08828
717	0.1005
718	0.08715
719	0.07113
720	0.07811
721	0.07088
722	0.09076
723	0.08188
724	0.07663
725	0.06841
726	0.07214
727	0.08535
728	0.08155
729	0.08734
730	0.07182
731	0.07933
732	0.08029
733	0.08141
734	0.07382
735	0.08378
736	0.0851
737	0.08245
738	0.08448
739	0.08007
740	0.08317
741	0.0739
742	0.07894
743	0.09776
744	0.07906
745	0.07547
746	0.08396
747	0.08571
748	0.07522
749	0.08188
750	0.08687
751	0.0805
752	0.08525
753	0.08087
754	0.08644
755	0.08087
756	0.0794
757	0.08586
758	0.08069
759	0.0836
760	0.07137
761	0.07682
762	0.07503
763	0.08018
764	0.07255
765	0.08225
766	0.0915
767	0.08006
768	0.08854
769	0.0783
770	0.08863
771	0.07944
772	0.07949
773	0.08494
774	0.09742
775	0.07127
776	0.07967
777	0.08511
778	0.07555
779	0.07544
780	0.07777
781	0.08986
782	0.07492
783	0.07681
784	0.08894
785	0.07182
786	0.0865
787	0.08353
788	0.0857
789	0.08073
790	0.07843
791	0.0753
792	0.08485
793	0.08617
794	0.07188
795	0.07369
796	0.0726
797	0.08564
798	0.06455
799	0.08398
800	0.08272
801	0.08213
802	0.07437
803	0.1033
804	0.08459
805	0.07798
806	0.08115
807	0.08696
808	0.07513
809	0.06992
810	0.07911
811	0.08008
812	0.08234
813	0.09465
814	0.08933
815	0.08732
816	0.07588
817	0.07908
818	0.07758
819	0.08343
820	0.0802
821	0.08574
822	0.1004
823	0.09629
824	0.07533
825	0.09154
826	0.08035
827	0.07156
828	0.0783
829	0.07138
830	0.07789
831	0.08008
832	0.08942
833	0.07787
834	0.09067
835	0.08557
836	0.07617
837	0.07348
838	0.07801
839	0.06729
840	0.08889
841	0.07412
842	0.07485
843	0.08017
844	0.07338
845	0.07575
846	0.09869
847	0.07684
848	0.08818
849	0.08227
850	0.08562
851	0.09041
852	0.09679
853	0.09277
854	0.08838
855	0.0872
856	0.07976
857	0.0703
858	0.06532
859	0.09229
860	0.08191
861	0.09875
862	0.08422
863	0.08151
864	0.08319
865	0.082
866	0.08332
867	0.09268
868	0.09368
869	0.09293
870	0.08088
871	0.09235
872	0.0756
873	0.07562
874	0.06637
875	0.08573
876	0.08221
877	0.08439
878	0.08302
879	0.08641
880	0.08441
881	0.08367
882	0.09503
883	0.09054
884	0.08832
885	0.09865
886	0.08586
887	0.08353
888	0.08596
889	0.08023
890	0.07064
891	0.08509
892	0.07688
893	0.06852
894	0.1015
895	0.09278
896	0.07221
897	0.06698
898	0.06414
899	0.08452
900	0.06856
901	0.087
902	0.08198
903	0.1028
904	0.0938
905	0.08031
906	0.08207
907	0.08036
908	0.08197
909	0.07315
910	0.09134
911	0.08308
912	0.08468
913	0.08153
914	0.08564
915	0.08376
916	0.07313
917	0.0795
918	0.08397
919	0.09708
920	0.09836
921	0.08228
922	0.07864
923	0.08489
924	0.08415
925	0.09096
926	0.08576
927	0.0811
928	0.08785
929	0.07558
930	0.09424
931	0.08647
932	0.07343
933	0.08203
934	0.0816
935	0.07911
936	0.07855
937	0.0872
938	0.07705
939	0.07964
940	0.07992
941	0.07882
942	0.0823
943	0.07432
944	0.09795
945	0.07286
946	0.08196
947	0.07755
948	0.1006
949	0.09445
950	0.09112
951	0.09103
952	0.0973
953	0.07855
954	0.08058
955	0.08396
956	0.07708
957	0.08704
958	0.09677
959	0.07662
960	0.07803
961	0.07792
962	0.07571
963	0.09218
964	0.09304
965	0.07932
966	0.08103
967	0.08213
968	0.08115
969	0.0669
970	0.06839
971	0.08324
972	0.08396
973	0.08118
974	0.07578
975	0.08035
976	0.08308
977	0.08407
978	0.08516
979	0.07359
980	0.07226
981	0.0817
982	0.07996
983	0.08954
984	0.07591
985	0.06911
986	0.06978
987	0.0779
988	0.08241
989	0.0656
990	0.08949
991	0.08497
992	0.06555
993	0.08476
994	0.08127
995	0.08223
996	0.08259
997	0.08542
998	0.07978
999	0.08604
1000	0.07747
1001	0.08342
1002	0.07739
1003	0.07208
1004	0.0745
1005	0.09163
1006	0.08893
1007	0.08442
1008	0.0884
1009	0.07566
1010	0.08446
1011	0.07946
1012	0.09023
1013	0.06668
1014	0.07543
1015	0.09321
1016	0.08543
1017	0.07309
1018	0.07894
1019	0.08967
1020	0.08194
1021	0.09105
1022	0.08378
1023	0.07549
1024	0.07856
1025	0.07957
1026	0.08111
1027	0.09219
1028	0.1023
1029	0.08245
1030	0.08385
1031	0.08609
1032	0.09281
1033	0.08448
1034	0.08272
1035	0.09268
1036	0.0795
1037	0.08935
1038	0.09472
1039	0.07979
1040	0.08745
1041	0.07891
1042	0.08953
1043	0.08127
1044	0.09434
1045	0.07786
1046	0.08023
1047	0.08203
1048	0.08559
1049	0.07595
1050	0.0786
1051	0.09303
1052	0.07053
1053	0.07576
1054	0.09198
1055	0.08062
1056	0.08952
1057	0.08179
1058	0.09091
1059	0.07463
1060	0.08009
1061	0.08747
1062	0.09229
1063	0.09631
1064	0.09064
1065	0.0866
1066	0.09137
1067	0.08331
1068	0.07107
1069	0.0881
1070	0.09594
1071	0.08541
1072	0.08605
1073	0.07637
1074	0.07956
1075	0.07913
1076	0.08287
1077	0.0802
1078	0.07142
1079	0.08653
1080	0.07633
1081	0.07669
1082	0.1003
1083	0.0809
1084	0.07581
1085	0.08708
1086	0.08262
1087	0.09532
1088	0.07104
1089	0.09056
1090	0.1015
1091	0.07484
1092	0.07754
1093	0.07995
1094	0.1053
1095	0.08118
1096	0.07746
1097	0.08111
1098	0.08909
1099	0.08321
1100	0.08046
1101	0.09975
1102	0.08512
1103	0.08785
1104	0.09099
1105	0.07383
1106	0.09552
1107	0.07816
1108	0.09651
1109	0.0834
1110	0.0766
1111	0.08627
1112	0.08409
1113	0.09093
1114	0.08742
1115	0.07091
1116	0.08159
1117	0.0843
1118	0.09206
1119	0.06895
1120	0.0966
1121	0.08293
1122	0.074
1123	0.08762
1124	0.08804
1125	0.09304
1126	0.09468
1127	0.07004
1128	0.08073
1129	0.08757
1130	0.08164
1131	0.08265
1132	0.07848
1133	0.07407
1134	0.1014
1135	0.0749
1136	0.0802
1137	0.08595
1138	0.09133
1139	0.06434
1140	0.09431
1141	0.07668
1142	0.08626
1143	0.1002
1144	0.08821
1145	0.08948
1146	0.08458
1147	0.09212
1148	0.07801
1149	0.09351
1150	0.08456
1151	0.08771
1152	0.07807
1153	0.07343
1154	0.07512
1155	0.07721
1156	0.07961
1157	0.08211
1158	0.07153
1159	0.08616
1160	0.07823
1161	0.08237
1162	0.07205
1163	0.07725
1164	0.08569
1165	0.09155
1166	0.07941
1167	0.08305
1168	0.07007
1169	0.07896
1170	0.08513
1171	0.07499
1172	0.07647
1173	0.07549
1174	0.07829
1175	0.08156
1176	0.08202
1177	0.08071
1178	0.09244
1179	0.09205
1180	0.08141
1181	0.08079
1182	0.08764
1183	0.08511
1184	0.0818
1185	0.09304
1186	0.06873
1187	0.07912
1188	0.07299
1189	0.08256
1190	0.07363
1191	0.08621
1192	0.08253
1193	0.07328
1194	0.09193
1195	0.07255
1196	0.08706
1197	0.09389
1198	0.08129
1199	0.08221
1200	0.08406
1201	0.09821
1202	0.06745
1203	0.1081
1204	0.07856
1205	0.08595
1206	0.09577
1207	0.09424
1208	0.09294
1209	0.08621
1210	0.08294
1211	0.07783
1212	0.08479
1213	0.08958
1214	0.07286
1215	0.08007
1216	0.0829
1217	0.08303
1218	0.06418
1219	0.07713
1220	0.07968
1221	0.08364
1222	0.0833
1223	0.07826
1224	0.08103
1225	0.09804
1226	0.09115
1227	0.08736
1228	0.09259
1229	0.07974
1230	0.08451
1231	0.08694
1232	0.09362
1233	0.07138
1234	0.08975
1235	0.06293
1236	0.07598
1237	0.08145
1238	0.08892
1239	0.08851
1240	0.07858
1241	0.08834
1242	0.08212
1243	0.09099
1244	0.08104
1245	0.09416
1246	0.08451
1247	0.08845
1248	0.07578
1249	0.083
1250	0.08364
1251	0.07727
1252	0.08024
1253	0.09897
1254	0.08716
1255	0.09191
1256	0.07277
1257	0.07258
1258	0.07026
1259	0.08663
1260	0.08597
1261	0.06887
1262	0.09119
1263	0.09216
1264	0.0827
1265	0.08353
1266	0.08253
1267	0.08268
1268	0.07479
1269	0.07519
1270	0.08469
1271	0.07739
1272	0.08762
1273	0.0855
1274	0.0771
1275	0.07227
1276	0.08769
1277	0.08574
1278	0.07438
1279	0.07146
1280	0.08821
1281	0.07143
1282	0.09893
1283	0.09656
1284	0.08546
1285	0.08711
1286	0.09391
1287	0.07918
1288	0.09132
1289	0.08904
1290	0.08511
1291	0.06881
1292	0.07456
1293	0.08506
1294	0.075
1295	0.07924
1296	0.08986
1297	0.07555
1298	0.07918
1299	0.094
1300	0.07873
1301	0.08985
1302	0.08442
1303	0.07281
1304	0.08769
1305	0.0838
1306	0.08652
1307	0.07768
1308	0.08681
1309	0.08588
1310	0.07557
1311	0.08932
1312	0.07524
1313	0.0854
1314	0.08267
1315	0.08019
1316	0.07517
1317	0.07014
1318	0.07314
1319	0.08295
1320	0.1025
1321	0.0774
1322	0.09289
1323	0.08127
1324	0.0827
1325	0.08226
1326	0.07852
1327	0.0827
1328	0.08517
1329	0.08617
1330	0.0684
1331	0.077
1332	0.08808
1333	0.07897
1334	0.08122
1335	0.08407
1336	0.09117
1337	0.06951
1338	0.0917
1339	0.07494
1340	0.08298
1341	0.07337
1342	0.08589
1343	0.06654
1344	0.08197
1345	0.08605
1346	0.103
1347	0.08124
1348	0.0896
1349	0.08534
1350	0.07355
1351	0.09412
1352	0.07377
1353	0.09502
1354	0.0847
1355	0.1027
1356	0.07566
1357	0.07909
1358	0.07553
1359	0.08291
1360	0.08394
1361	0.07769
1362	0.09197
1363	0.0839
1364	0.08185
1365	0.08137
1366	0.07406
1367	0.09062
1368	0.08242
1369	0.09031
1370	0.08943
1371	0.0831
1372	0.07265
1373	0.08279
1374	0.08495
1375	0.0883
1376	0.09201
1377	0.08515
1378	0.08543
1379	0.1069
1380	0.0819
1381	0.08779
1382	0.07544
1383	0.07569
1384	0.08864
1385	0.08291
1386	0.09523
1387	0.08881
1388	0.06473
1389	0.07864
1390	0.07857
1391	0.08248
1392	0.09579
1393	0.08261
1394	0.0726
1395	0.09772
1396	0.09394
1397	0.08863
1398	0.08701
1399	0.07543
1400	0.07609
1401	0.0755
1402	0.07864
1403	0.08184
1404	0.07492
1405	0.07759
1406	0.0878
1407	0.08101
1408	0.07018
1409	0.08301
1410	0.08112
1411	0.07102
1412	0.08792
1413	0.09231
1414	0.08726
1415	0.08149
1416	0.07685
1417	0.07607
1418	0.08437
1419	0.08254
1420	0.08238
1421	0.08176
1422	0.07122
1423	0.08025
1424	0.07579
1425	0.08299
1426	0.07801
1427	0.0994
1428	0.0923
1429	0.09022
1430	0.08303
1431	0.07343
1432	0.09756
1433	0.07435
1434	0.08371
1435	0.07952
1436	0.09869
1437	0.08215
1438	0.09162
1439	0.07634
1440	0.08233
1441	0.07619
1442	0.08216
1443	0.07114
1444	0.07949
1445	0.08896
1446	0.08311
1447	0.08294
1448	0.09003
1449	0.07559
1450	0.08075
1451	0.07854
1452	0.08809
1453	0.07593
1454	0.07441
1455	0.09661
1456	0.09058
1457	0.08251
1458	0.08557
1459	0.07966
1460	0.08656
1461	0.08564
1462	0.07917
1463	0.08129
1464	0.07467
1465	0.07249
1466	0.08418
1467	0.08778
1468	0.07784
1469	0.08205
1470	0.08592
1471	0.07166
1472	0.08073
1473	0.08012
1474	0.08698
1475	0.08885
1476	0.09031
1477	0.08763
1478	0.08053
1479	0.08107
1480	0.07435
1481	0.07413
1482	0.07255
1483	0.07924
1484	0.07553
1485	0.08676
1486	0.08018
1487	0.08221
1488	0.07187
1489	0.07801
1490	0.08289
1491	0.09108
1492	0.08404
1493	0.09371
1494	0.07636
1495	0.07829
1496	0.07441
1497	0.07055
1498	0.09328
1499	0.074
1500	0.08217
