1	-23.81
2	-23.55
3	-22.28
4	-21.52
5	-21.31
6	-20.94
7	-20.37
8	-20.06
9	-19.84
10	-19.61
11	-18.84
12	-18.18
13	-18.36
14	-18.24
15	-18.0
16	-17.12
17	-17.33
18	-16.97
19	-16.85
20	-16.34
21	-16.04
22	-15.26
23	-14.99
24	-14.08
25	-14.16
26	-13.94
27	-13.39
28	-12.96
29	-12.42
30	-12.1
31	-11.73
32	-11.08
33	-10.67
34	-10.32
35	-10.04
36	-9.521
37	-9.163
38	-8.937
39	-8.781
40	-8.488
41	-8.172
42	-7.859
43	-7.713
44	-7.691
45	-7.494
46	-7.412
47	-7.149
48	-6.866
49	-6.62
50	-6.504
51	-6.384
52	-6.043
53	-5.956
54	-6.004
55	-5.762
56	-5.611
57	-5.43
58	-5.306
59	-5.212
60	-5.108
61	-4.948
62	-4.739
63	-4.525
64	-4.244
65	-4.012
66	-3.807
67	-3.654
68	-3.624
69	-3.462
70	-3.402
71	-3.271
72	-3.172
73	-2.962
74	-2.864
75	-2.744
76	-2.681
77	-2.692
78	-2.546
79	-2.554
80	-2.586
81	-2.482
82	-2.459
83	-2.368
84	-2.257
85	-2.223
86	-2.233
87	-2.166
88	-2.046
89	-1.859
90	-1.728
91	-1.693
92	-1.614
93	-1.682
94	-1.592
95	-1.492
96	-1.419
97	-1.365
98	-1.312
99	-1.265
100	-1.219
101	-1.192
102	-1.194
103	-1.145
104	-1.024
105	-1.031
106	-1.012
107	-0.9485
108	-0.8897
109	-0.7593
110	-0.6424
111	-0.6011
112	-0.5901
113	-0.5246
114	-0.4922
115	-0.3966
116	-0.3466
117	-0.307
118	-0.3519
119	-0.3121
120	-0.3216
121	-0.3537
122	-0.3427
123	-0.3358
124	-0.3617
125	-0.3299
126	-0.2614
127	-0.2048
128	-0.1662
129	-0.1954
130	-0.1393
131	-0.0843
132	-0.0409
133	-0.02252
134	-0.02226
135	0.009974
136	0.03667
137	0.05965
138	0.153
139	0.192
140	0.229
141	0.2465
142	0.2233
143	0.2281
144	0.2221
145	0.1969
146	0.2353
147	0.22
148	0.2584
149	0.2647
150	0.316
151	0.3574
152	0.3633
153	0.3867
154	0.3515
155	0.4039
156	0.415
157	0.4268
158	0.4084
159	0.3969
160	0.3926
161	0.4005
162	0.4826
163	0.5092
164	0.5565
165	0.5378
166	0.5396
167	0.4982
168	0.4777
169	0.4904
170	0.4791
171	0.4732
172	0.5476
173	0.5822
174	0.5965
175	0.5768
176	0.6228
177	0.6543
178	0.6409
179	0.63
180	0.5997
181	0.5697
182	0.5927
183	0.647
184	0.68
185	0.7155
186	0.7056
187	0.706
188	0.7576
189	0.7711
190	0.7618
191	0.7777
192	0.7741
193	0.7587
194	0.7654
195	0.7964
196	0.7828
197	0.7847
198	0.8413
199	0.8143
200	0.8317
201	0.8234
202	0.7861
203	0.8122
204	0.82
205	0.8372
206	0.8808
207	0.8838
208	0.91
209	0.9019
210	0.9028
211	0.8914
212	0.8548
213	0.8708
214	0.8702
215	0.9316
216	0.9675
217	0.9836
218	0.9691
219	0.9771
220	1.047
221	1.083
222	1.036
223	1.017
224	1.028
225	1.013
226	1.03
227	1.063
228	1.08
229	1.054
230	1.047
231	1.1
232	1.046
233	1.031
234	1.015
235	1.016
236	0.9835
237	0.9733
238	0.9794
239	0.96
240	0.9665
241	0.9869
242	0.9465
243	0.9511
244	0.9651
245	0.9499
246	0.9086
247	0.9008
248	0.8983
249	0.9088
250	0.8278
251	0.8232
252	0.8166
253	0.8207
254	0.8316
255	0.8045
256	0.8083
257	0.8215
258	0.8132
259	0.7474
260	0.7377
261	0.7473
262	0.7378
263	0.7541
264	0.7941
265	0.8503
266	0.8194
267	0.7954
268	0.8543
269	0.8162
270	0.7836
271	0.8185
272	0.787
273	0.8213
274	0.8453
275	0.8384
276	0.8276
277	0.8235
278	0.8121
279	0.7826
280	0.7587
281	0.732
282	0.6893
283	0.6904
284	0.732
285	0.7794
286	0.7958
287	0.7815
288	0.7976
289	0.8219
290	0.9021
291	0.9104
292	0.9394
293	0.9581
294	0.9549
295	0.9154
296	0.9135
297	0.8972
298	0.8605
299	0.8683
300	0.8767
301	0.8733
302	0.8701
303	0.8499
304	0.8416
305	0.8499
306	0.8714
307	0.8879
308	0.9089
309	0.9021
310	0.9343
311	0.8995
312	0.9406
313	0.8966
314	0.9113
315	0.9037
316	0.8727
317	0.8887
318	0.8749
319	0.8483
320	0.8736
321	0.9115
322	0.8793
323	0.8931
324	0.8774
325	0.9062
326	0.9365
327	0.9283
328	0.9143
329	0.9535
330	0.9847
331	0.9718
332	0.9698
333	0.9692
334	0.9676
335	0.96
336	0.973
337	0.9488
338	0.9414
339	0.9385
340	0.9301
341	0.8436
342	0.8361
343	0.824
344	0.7905
345	0.7748
346	0.7648
347	0.787
348	0.8001
349	0.7968
350	0.7759
351	0.7812
352	0.7158
353	0.6525
354	0.6923
355	0.658
356	0.6622
357	0.6373
358	0.6268
359	0.6433
360	0.6884
361	0.6905
362	0.6849
363	0.6992
364	0.6993
365	0.6811
366	0.6849
367	0.6708
368	0.6888
369	0.7296
370	0.7169
371	0.7069
372	0.7223
373	0.6826
374	0.7153
375	0.7232
376	0.7141
377	0.6859
378	0.6775
379	0.6957
380	0.6919
381	0.68
382	0.6419
383	0.608
384	0.5975
385	0.5713
386	0.5718
387	0.587
388	0.6102
389	0.586
390	0.6338
391	0.632
392	0.6101
393	0.6106
394	0.6317
395	0.6071
396	0.6109
397	0.6119
398	0.5909
399	0.6529
400	0.6553
401	0.6458
402	0.6479
403	0.7012
404	0.6535
405	0.6393
406	0.6197
407	0.6518
408	0.6316
409	0.6419
410	0.6648
411	0.7248
412	0.7558
413	0.7579
414	0.7788
415	0.7944
416	0.8299
417	0.835
418	0.8111
419	0.8276
420	0.8769
421	0.8843
422	0.8638
423	0.869
424	0.8564
425	0.8907
426	0.8881
427	0.8841
428	0.8716
429	0.9043
430	0.921
431	0.8967
432	0.8516
433	0.8811
434	0.8776
435	0.8693
436	0.8845
437	0.9013
438	0.9365
439	0.9732
440	0.9859
441	0.953
442	1.005
443	1.012
444	1.01
445	1.02
446	1.053
447	1.058
448	0.9963
449	0.999
450	1.001
451	1.022
452	1.015
453	1.07
454	1.037
455	1.039
456	1.007
457	0.9975
458	0.9979
459	0.9718
460	0.9716
461	0.9583
462	0.9349
463	0.9515
464	0.9627
465	0.9796
466	1.033
467	1.06
468	1.033
469	1.002
470	1.026
471	1.042
472	1.036
473	1.057
474	1.065
475	1.047
476	1.114
477	1.093
478	1.099
479	1.085
480	1.046
481	1.084
482	1.092
483	1.119
484	1.067
485	1.096
486	1.058
487	1.045
488	1.045
489	1.047
490	1.07
491	1.039
492	1.04
493	1.055
494	1.085
495	1.117
496	1.146
497	1.154
498	1.155
499	1.164
500	1.134
501	1.146
502	1.162
503	1.188
504	1.137
505	1.148
506	1.182
507	1.142
508	1.126
509	1.088
510	1.057
511	1.089
512	1.095
513	1.13
514	1.175
515	1.157
516	1.164
517	1.182
518	1.218
519	1.215
520	1.205
521	1.224
522	1.194
523	1.205
524	1.195
525	1.165
526	1.123
527	1.079
528	1.055
529	1.02
530	1.024
531	1.022
532	1.029
533	0.9693
534	0.9409
535	0.974
536	0.9968
537	1.006
538	0.9785
539	0.9416
540	0.9707
541	0.9779
542	1.004
543	0.9707
544	0.9321
545	0.929
546	0.9154
547	0.9006
548	0.869
549	0.7775
550	0.8319
551	0.8279
552	0.8011
553	0.7838
554	0.8078
555	0.7862
556	0.8126
557	0.8212
558	0.8453
559	0.8295
560	0.9292
561	0.8953
562	0.9235
563	0.9202
564	0.8658
565	0.8488
566	0.877
567	0.8842
568	0.9593
569	0.9225
570	0.9431
571	0.9178
572	0.9193
573	0.9049
574	0.8591
575	0.8205
576	0.8212
577	0.792
578	0.8427
579	0.8252
580	0.8199
581	0.8202
582	0.837
583	0.8563
584	0.8664
585	0.8511
586	0.8718
587	0.8919
588	0.9523
589	0.9361
590	0.9202
591	0.9452
592	0.9396
593	0.9689
594	0.9758
595	0.9426
596	0.9182
597	0.8996
598	0.9237
599	0.9463
600	0.9568
601	0.9127
602	0.867
603	0.9175
604	0.8834
605	0.9355
606	0.9166
607	0.8817
608	0.8917
609	0.8936
610	0.9031
611	0.9116
612	0.9262
613	0.8884
614	0.9318
615	0.9252
616	0.9366
617	0.9524
618	0.8985
619	0.8889
620	0.8733
621	0.9044
622	0.8967
623	0.9196
624	0.9311
625	0.9077
626	0.9218
627	0.8935
628	0.9351
629	0.8963
630	0.87
631	0.9021
632	0.9183
633	0.9452
634	0.9608
635	0.9741
636	0.9792
637	0.9341
638	0.9134
639	0.9097
640	0.8827
641	0.9065
642	0.9066
643	0.865
644	0.8459
645	0.8381
646	0.8089
647	0.7962
648	0.7442
649	0.742
650	0.7698
651	0.7549
652	0.72
653	0.7807
654	0.808
655	0.8213
656	0.843
657	0.8849
658	0.917
659	0.9468
660	0.9688
661	0.9645
662	0.9853
663	0.9569
664	0.9636
665	0.9419
666	0.9436
667	0.9957
668	0.9883
669	0.9405
670	0.9562
671	0.9378
672	0.9448
673	0.9189
674	0.9308
675	0.9587
676	0.971
677	0.9693
678	0.9684
679	0.964
680	0.9418
681	0.9439
682	0.9407
683	0.9928
684	0.951
685	0.9761
686	0.9662
687	0.9124
688	0.9076
689	0.9193
690	0.9383
691	0.9453
692	0.9518
693	0.9224
694	0.8679
695	0.8731
696	0.8178
697	0.7921
698	0.7741
699	0.7693
700	0.8044
701	0.8085
702	0.7958
703	0.7677
704	0.7765
705	0.8049
706	0.7902
707	0.7523
708	0.7494
709	0.7398
710	0.7648
711	0.7427
712	0.7748
713	0.7778
714	0.7661
715	0.7532
716	0.7731
717	0.7741
718	0.7579
719	0.7358
720	0.7245
721	0.6837
722	0.6373
723	0.6801
724	0.6594
725	0.6994
726	0.6817
727	0.6152
728	0.6595
729	0.6749
730	0.709
731	0.7298
732	0.6931
733	0.6898
734	0.7406
735	0.7476
736	0.7356
737	0.753
738	0.7761
739	0.8095
740	0.8471
741	0.856
742	0.8238
743	0.8407
744	0.8525
745	0.8627
746	0.8312
747	0.8416
748	0.8234
749	0.7994
750	0.8444
751	0.8918
752	0.9152
753	0.8668
754	0.8753
755	0.9095
756	0.9585
757	0.9996
758	0.9489
759	0.9257
760	0.8934
761	0.9146
762	0.932
763	0.9542
764	0.9295
765	0.9184
766	0.8945
767	0.8931
768	0.9117
769	0.9186
770	0.9217
771	0.9498
772	0.9651
773	0.9536
774	0.9801
775	0.9634
776	0.9719
777	0.9233
778	0.9092
779	0.9007
780	0.8368
781	0.8752
782	0.8618
783	0.8367
784	0.8622
785	0.8387
786	0.7936
787	0.7942
788	0.7917
789	0.7473
790	0.7599
791	0.7569
792	0.7833
793	0.7851
794	0.7769
795	0.7986
796	0.8201
797	0.8156
798	0.8134
799	0.7584
800	0.7503
801	0.7197
802	0.7208
803	0.6877
804	0.6517
805	0.6648
806	0.6986
807	0.6963
808	0.6684
809	0.6482
810	0.6738
811	0.6751
812	0.6984
813	0.6305
814	0.6786
815	0.6959
816	0.6454
817	0.6777
818	0.6629
819	0.6842
820	0.6749
821	0.6573
822	0.6863
823	0.6756
824	0.7369
825	0.7729
826	0.7886
827	0.7916
828	0.7848
829	0.7679
830	0.7576
831	0.7727
832	0.7636
833	0.7448
834	0.759
835	0.7459
836	0.7177
837	0.7129
838	0.694
839	0.7383
840	0.7395
841	0.7977
842	0.7983
843	0.7987
844	0.8404
845	0.8645
846	0.8864
847	0.9036
848	0.8874
849	0.921
850	0.9025
851	0.8681
852	0.8319
853	0.8118
854	0.8363
855	0.8647
856	0.8917
857	0.8816
858	0.895
859	0.8593
860	0.8616
861	0.8436
862	0.8487
863	0.8325
864	0.832
865	0.8637
866	0.8901
867	0.8404
868	0.8617
869	0.8646
870	0.8665
871	0.8822
872	0.8535
873	0.8515
874	0.8766
875	0.9179
876	0.8807
877	0.8587
878	0.8492
879	0.8716
880	0.8801
881	0.9052
882	0.876
883	0.8566
884	0.8572
885	0.8659
886	0.8941
887	0.8936
888	0.8874
889	0.901
890	0.9056
891	0.9179
892	0.8967
893	0.8463
894	0.834
895	0.8267
896	0.8444
897	0.9288
898	0.9106
899	0.9452
900	0.9136
901	0.9193
902	0.9156
903	0.9628
904	0.9657
905	0.942
906	0.9182
907	0.9408
908	0.9396
909	0.9354
910	0.9108
911	0.927
912	0.89
913	0.8671
914	0.8836
915	0.8904
916	0.867
917	0.8712
918	0.8339
919	0.892
920	0.9372
921	0.9645
922	0.946
923	0.9856
924	1.01
925	1.042
926	1.031
927	1.042
928	1.031
929	1.041
930	1.039
931	1.044
932	1.009
933	0.9881
934	1.003
935	0.9842
936	0.989
937	0.9997
938	0.9403
939	0.9115
940	0.8851
941	0.8901
942	0.8833
943	0.9021
944	0.9278
945	0.8974
946	0.9095
947	0.9059
948	0.8946
949	0.877
950	0.9266
951	0.8941
952	0.8827
953	0.9044
954	0.89
955	0.899
956	0.9275
957	0.9103
958	0.842
959	0.8295
960	0.8185
961	0.8547
962	0.9077
963	0.8282
964	0.817
965	0.788
966	0.7682
967	0.7457
968	0.7935
969	0.7684
970	0.7412
971	0.7365
972	0.6882
973	0.6975
974	0.6814
975	0.6576
976	0.6418
977	0.6598
978	0.6553
979	0.673
980	0.6987
981	0.7685
982	0.7798
983	0.7848
984	0.7834
985	0.7586
986	0.721
987	0.718
988	0.7211
989	0.7183
990	0.7586
991	0.7439
992	0.7927
993	0.795
994	0.796
995	0.8026
996	0.8059
997	0.8237
998	0.8539
999	0.8276
1000	0.8419
1001	0.8552
1002	0.8613
1003	0.8813
1004	0.9054
1005	0.969
1006	0.9448
1007	0.9564
1008	0.9571
1009	0.9495
1010	0.9693
1011	0.92
1012	0.8985
1013	0.8583
1014	0.7822
1015	0.7567
1016	0.7563
1017	0.7557
1018	0.7516
1019	0.7414
1020	0.7141
1021	0.7474
1022	0.7386
1023	0.7468
1024	0.7122
1025	0.7347
1026	0.6877
1027	0.6835
1028	0.6699
1029	0.7034
1030	0.6721
1031	0.6793
1032	0.6686
1033	0.6705
1034	0.6754
1035	0.7451
1036	0.7338
1037	0.7636
1038	0.7717
1039	0.78
1040	0.7873
1041	0.7865
1042	0.8154
1043	0.8434
1044	0.8046
1045	0.7992
1046	0.807
1047	0.8024
1048	0.8122
1049	0.7954
1050	0.8313
1051	0.8103
1052	0.8819
1053	0.8694
1054	0.8731
1055	0.8567
1056	0.8226
1057	0.8642
1058	0.8368
1059	0.8101
1060	0.8144
1061	0.8363
1062	0.8643
1063	0.8519
1064	0.8852
1065	0.9498
1066	0.9319
1067	0.9332
1068	0.9172
1069	0.9109
1070	0.8731
1071	0.8399
1072	0.8744
1073	0.8859
1074	0.8708
1075	0.8515
1076	0.8454
1077	0.8304
1078	0.881
1079	0.8935
1080	0.9187
1081	0.8943
1082	0.9074
1083	0.8798
1084	0.8908
1085	0.877
1086	0.862
1087	0.8442
1088	0.8509
1089	0.8548
1090	0.814
1091	0.7512
1092	0.7562
1093	0.7593
1094	0.7952
1095	0.8109
1096	0.8317
1097	0.8413
1098	0.8321
1099	0.88
1100	0.8883
1101	0.907
1102	0.8962
1103	0.8586
1104	0.8715
1105	0.8299
1106	0.8613
1107	0.8596
1108	0.8777
1109	0.8726
1110	0.8424
1111	0.843
1112	0.9024
1113	0.9401
1114	0.9176
1115	0.8794
1116	0.8823
1117	0.8931
1118	0.8884
1119	0.8924
1120	0.8888
1121	0.89
1122	0.8847
1123	0.9205
1124	0.9202
1125	0.9257
1126	0.8918
1127	0.8649
1128	0.847
1129	0.8747
1130	0.8591
1131	0.8643
1132	0.8318
1133	0.7744
1134	0.8058
1135	0.7895
1136	0.7987
1137	0.7638
1138	0.8032
1139	0.8348
1140	0.8467
1141	0.8324
1142	0.8202
1143	0.8102
1144	0.8582
1145	0.8599
1146	0.8597
1147	0.8781
1148	0.8844
1149	0.8813
1150	0.8943
1151	0.9054
1152	0.842
1153	0.823
1154	0.8411
1155	0.8349
1156	0.8149
1157	0.8062
1158	0.8331
1159	0.7978
1160	0.7398
1161	0.7544
1162	0.7622
1163	0.7749
1164	0.769
1165	0.7808
1166	0.7825
1167	0.8066
1168	0.8043
1169	0.8166
1170	0.8375
1171	0.8669
1172	0.829
1173	0.8472
1174	0.8054
1175	0.7851
1176	0.831
1177	0.8444
1178	0.848
1179	0.8314
1180	0.8309
1181	0.8423
1182	0.8611
1183	0.8358
1184	0.8552
1185	0.8362
1186	0.8376
1187	0.8714
1188	0.8078
1189	0.8172
1190	0.8083
1191	0.782
1192	0.7445
1193	0.7364
1194	0.7117
1195	0.7087
1196	0.6932
1197	0.709
1198	0.6796
1199	0.7212
1200	0.7257
1201	0.704
1202	0.6432
1203	0.615
1204	0.6127
1205	0.6149
1206	0.6176
1207	0.6199
1208	0.6191
1209	0.6195
1210	0.671
1211	0.6639
1212	0.6989
1213	0.6503
1214	0.6321
1215	0.6069
1216	0.6378
1217	0.6493
1218	0.6417
1219	0.6287
1220	0.6447
1221	0.6485
1222	0.671
1223	0.7032
1224	0.7612
1225	0.7577
1226	0.7419
1227	0.714
1228	0.7294
1229	0.7505
1230	0.7453
1231	0.7893
1232	0.7721
1233	0.8096
1234	0.8052
1235	0.8078
1236	0.8309
1237	0.7982
1238	0.855
1239	0.8638
1240	0.8396
1241	0.8724
1242	0.854
1243	0.8838
1244	0.8549
1245	0.8849
1246	0.921
1247	0.9237
1248	0.9292
1249	0.9013
1250	0.9524
1251	0.9379
1252	0.9251
1253	0.8982
1254	0.9279
1255	0.9198
1256	0.8755
1257	0.88
1258	0.9194
1259	0.8402
1260	0.8686
1261	0.8822
1262	0.8563
1263	0.8623
1264	0.8328
1265	0.8214
1266	0.8396
1267	0.8565
1268	0.8456
1269	0.828
1270	0.8097
1271	0.8715
1272	0.8587
1273	0.8777
1274	0.8803
1275	0.8323
1276	0.7962
1277	0.7824
1278	0.826
1279	0.8088
1280	0.8011
1281	0.7887
1282	0.7535
1283	0.7728
1284	0.8105
1285	0.8218
1286	0.7622
1287	0.7889
1288	0.7783
1289	0.8068
1290	0.781
1291	0.7763
1292	0.7915
1293	0.8063
1294	0.7861
1295	0.7779
1296	0.7461
1297	0.724
1298	0.6973
1299	0.7416
1300	0.7466
1301	0.7635
1302	0.7745
1303	0.7354
1304	0.6817
1305	0.6749
1306	0.68
1307	0.6897
1308	0.7015
1309	0.722
1310	0.7253
1311	0.7102
1312	0.6782
1313	0.7176
1314	0.7466
1315	0.743
1316	0.7437
1317	0.7627
1318	0.7566
1319	0.7647
1320	0.7353
1321	0.7834
1322	0.7742
1323	0.7757
1324	0.7641
1325	0.7056
1326	0.6975
1327	0.6965
1328	0.6348
1329	0.6384
1330	0.6524
1331	0.6139
1332	0.6134
1333	0.5943
1334	0.6278
1335	0.6514
1336	0.6712
1337	0.7145
1338	0.7054
1339	0.7124
1340	0.7644
1341	0.7316
1342	0.7711
1343	0.7458
1344	0.7468
1345	0.7038
1346	0.6928
1347	0.6526
1348	0.6233
1349	0.5982
1350	0.6186
1351	0.6353
1352	0.6526
1353	0.6372
1354	0.6278
1355	0.6505
1356	0.6509
1357	0.6376
1358	0.5846
1359	0.5791
1360	0.612
1361	0.5868
1362	0.5671
1363	0.5804
1364	0.5946
1365	0.6014
1366	0.6099
1367	0.6185
1368	0.6297
1369	0.6323
1370	0.6294
1371	0.6603
1372	0.6338
1373	0.6737
1374	0.6241
1375	0.6499
1376	0.6523
1377	0.6585
1378	0.6659
1379	0.5991
1380	0.6268
1381	0.6616
1382	0.685
1383	0.699
1384	0.6782
1385	0.6954
1386	0.7001
1387	0.7789
1388	0.8172
1389	0.7878
1390	0.7953
1391	0.8061
1392	0.7995
1393	0.7544
1394	0.7745
1395	0.7634
1396	0.7667
1397	0.8305
1398	0.8119
1399	0.8322
1400	0.8485
1401	0.8313
1402	0.8347
1403	0.8063
1404	0.8755
1405	0.8881
1406	0.8522
1407	0.8531
1408	0.8735
1409	0.8543
1410	0.917
1411	0.9191
1412	0.9008
1413	0.8977
1414	0.8847
1415	0.9029
1416	0.8666
1417	0.8296
1418	0.8215
1419	0.7983
1420	0.7968
1421	0.8014
1422	0.7657
1423	0.7842
1424	0.7816
1425	0.7981
1426	0.7591
1427	0.7966
1428	0.8129
1429	0.8277
1430	0.805
1431	0.8127
1432	0.7596
1433	0.7507
1434	0.7858
1435	0.7746
1436	0.754
1437	0.7736
1438	0.8075
1439	0.8345
1440	0.8335
1441	0.8672
1442	0.8761
1443	0.8689
1444	0.8462
1445	0.789
1446	0.779
1447	0.7408
1448	0.725
1449	0.7377
1450	0.7502
1451	0.7317
1452	0.7118
1453	0.7313
1454	0.6848
1455	0.6665
1456	0.6899
1457	0.698
1458	0.6966
1459	0.7228
1460	0.7693
1461	0.7599
1462	0.7842
1463	0.7783
1464	0.7545
1465	0.7584
1466	0.7756
1467	0.7694
1468	0.7695
1469	0.7898
1470	0.7425
1471	0.7973
1472	0.8162
1473	0.8613
1474	0.8455
1475	0.8492
1476	0.8671
1477	0.8697
1478	0.8606
1479	0.8312
1480	0.8143
1481	0.8027
1482	0.7905
1483	0.7704
1484	0.7521
1485	0.7369
1486	0.7091
1487	0.6246
1488	0.6046
1489	0.61
1490	0.6091
1491	0.5845
1492	0.5882
1493	0.624
1494	0.6647
1495	0.6427
1496	0.6224
1497	0.6241
1498	0.6185
1499	0.6531
1500	0.6794
1	0.954
2	0.9325
3	0.8987
4	0.8727
5	0.8634
6	0.8468
7	0.8195
8	0.8106
9	0.8194
10	0.7977
11	0.7689
12	0.7629
13	0.7525
14	0.7559
15	0.7149
16	0.7095
17	0.7176
18	0.7011
19	0.6991
20	0.6812
21	0.6512
22	0.6364
23	0.6186
24	0.6068
25	0.5943
26	0.5871
27	0.5626
28	0.5506
29	0.53
30	0.5171
31	0.4966
32	0.4751
33	0.4597
34	0.4549
35	0.4366
36	0.4259
37	0.4084
38	0.4028
39	0.3934
40	0.3854
41	0.3696
42	0.3596
43	0.3613
44	0.3555
45	0.3513
46	0.3417
47	0.3327
48	0.3221
49	0.3194
50	0.3154
51	0.3035
52	0.2981
53	0.2972
54	0.2936
55	0.2853
56	0.2805
57	0.274
58	0.266
59	0.2643
60	0.2611
61	0.2533
62	0.243
63	0.2365
64	0.2265
65	0.2149
66	0.2107
67	0.2086
68	0.2053
69	0.1982
70	0.1965
71	0.1912
72	0.1852
73	0.1804
74	0.1767
75	0.1727
76	0.1726
77	0.1694
78	0.1665
79	0.1669
80	0.1665
81	0.1635
82	0.1608
83	0.1563
84	0.1548
85	0.152
86	0.1548
87	0.1515
88	0.1446
89	0.139
90	0.1343
91	0.1337
92	0.132
93	0.1303
94	0.1282
95	0.1247
96	0.1236
97	0.1206
98	0.1187
99	0.1172
100	0.1164
101	0.114
102	0.1136
103	0.111
104	0.1095
105	0.1082
106	0.1066
107	0.1055
108	0.1009
109	0.09691
110	0.09472
111	0.09304
112	0.09188
113	0.08874
114	0.08787
115	0.08475
116	0.08241
117	0.08333
118	0.08371
119	0.08259
120	0.08359
121	0.08389
122	0.08308
123	0.08387
124	0.08411
125	0.08048
126	0.07821
127	0.07844
128	0.07815
129	0.07684
130	0.07592
131	0.07414
132	0.07135
133	0.07091
134	0.07103
135	0.0697
136	0.06877
137	0.06755
138	0.06391
139	0.06351
140	0.06168
141	0.061
142	0.06322
143	0.06169
144	0.06255
145	0.06271
146	0.06309
147	0.06147
148	0.0615
149	0.05971
150	0.05797
151	0.05707
152	0.05679
153	0.05657
154	0.05684
155	0.05476
156	0.05548
157	0.05516
158	0.05487
159	0.05523
160	0.055
161	0.05488
162	0.052
163	0.04994
164	0.05041
165	0.05019
166	0.05084
167	0.05246
168	0.05218
169	0.05216
170	0.053
171	0.05208
172	0.04925
173	0.04799
174	0.0499
175	0.04945
176	0.04672
177	0.04699
178	0.04693
179	0.04834
180	0.04835
181	0.04957
182	0.0476
183	0.04639
184	0.04456
185	0.04473
186	0.0449
187	0.04369
188	0.04211
189	0.04215
190	0.04189
191	0.04191
192	0.04214
193	0.04159
194	0.0422
195	0.04161
196	0.04118
197	0.04082
198	0.0399
199	0.04038
200	0.03958
201	0.0393
202	0.0413
203	0.04004
204	0.03957
205	0.03907
206	0.03881
207	0.03748
208	0.03699
209	0.03687
210	0.03748
211	0.03839
212	0.03918
213	0.03833
214	0.0367
215	0.0353
216	0.0348
217	0.03478
218	0.03468
219	0.033
220	0.03128
221	0.03157
222	0.0308
223	0.0328
224	0.03276
225	0.03174
226	0.03142
227	0.0301
228	0.03099
229	0.03133
230	0.03088
231	0.03122
232	0.03207
233	0.03217
234	0.03299
235	0.03316
236	0.03436
237	0.03528
238	0.03396
239	0.03442
240	0.03468
241	0.03467
242	0.03382
243	0.03522
244	0.03499
245	0.03696
246	0.03738
247	0.03698
248	0.03666
249	0.03853
250	0.04045
251	0.04024
252	0.04095
253	0.03919
254	0.03998
255	0.0403
256	0.03967
257	0.03964
258	0.04037
259	0.04301
260	0.04318
261	0.04368
262	0.04245
263	0.04131
264	0.04017
265	0.03916
266	0.04083
267	0.04065
268	0.03972
269	0.03958
270	0.04103
271	0.04149
272	0.04128
273	0.03936
274	0.03913
275	0.03882
276	0.04083
277	0.0404
278	0.04135
279	0.04252
280	0.0421
281	0.0438
282	0.04519
283	0.04467
284	0.04291
285	0.04196
286	0.04119
287	0.04089
288	0.04101
289	0.03879
290	0.03682
291	0.03578
292	0.03487
293	0.03497
294	0.03646
295	0.03676
296	0.03733
297	0.03836
298	0.03916
299	0.03798
300	0.03811
301	0.03827
302	0.03819
303	0.03913
304	0.03902
305	0.03793
306	0.03762
307	0.03771
308	0.03719
309	0.0372
310	0.0368
311	0.03678
312	0.03624
313	0.03636
314	0.0373
315	0.03776
316	0.03673
317	0.03667
318	0.03818
319	0.03789
320	0.03761
321	0.03829
322	0.03822
323	0.0366
324	0.03775
325	0.03707
326	0.03644
327	0.036
328	0.03633
329	0.03459
330	0.03426
331	0.03438
332	0.03536
333	0.03476
334	0.03512
335	0.03487
336	0.03493
337	0.03468
338	0.03536
339	0.03559
340	0.03744
341	0.03966
342	0.03952
343	0.04045
344	0.04092
345	0.04139
346	0.04223
347	0.04109
348	0.04172
349	0.04073
350	0.04225
351	0.04328
352	0.04535
353	0.04507
354	0.04551
355	0.04506
356	0.04708
357	0.04734
358	0.04755
359	0.04572
360	0.04477
361	0.04552
362	0.04419
363	0.04478
364	0.04621
365	0.04539
366	0.04517
367	0.04576
368	0.04387
369	0.04277
370	0.04399
371	0.04372
372	0.04412
373	0.04447
374	0.04409
375	0.04424
376	0.0449
377	0.04541
378	0.04541
379	0.04425
380	0.04461
381	0.04673
382	0.04804
383	0.04816
384	0.04897
385	0.04867
386	0.04915
387	0.04875
388	0.04776
389	0.04776
390	0.04653
391	0.04724
392	0.04814
393	0.04751
394	0.04758
395	0.04789
396	0.04824
397	0.04886
398	0.04764
399	0.04696
400	0.04632
401	0.04714
402	0.04552
403	0.045
404	0.04594
405	0.04713
406	0.04721
407	0.04738
408	0.04719
409	0.04677
410	0.0441
411	0.04331
412	0.04203
413	0.04225
414	0.0408
415	0.04016
416	0.03964
417	0.04043
418	0.03989
419	0.03933
420	0.03813
421	0.03781
422	0.03766
423	0.03838
424	0.03707
425	0.03715
426	0.03698
427	0.03751
428	0.03722
429	0.03561
430	0.03667
431	0.03809
432	0.03799
433	0.03858
434	0.03797
435	0.03757
436	0.03729
437	0.03599
438	0.03535
439	0.03405
440	0.03491
441	0.03406
442	0.03333
443	0.03317
444	0.03279
445	0.03249
446	0.03144
447	0.03239
448	0.03439
449	0.03372
450	0.03326
451	0.03362
452	0.03173
453	0.03107
454	0.03166
455	0.03242
456	0.03286
457	0.03356
458	0.03361
459	0.03391
460	0.03509
461	0.03586
462	0.03484
463	0.03517
464	0.03461
465	0.03279
466	0.03178
467	0.03209
468	0.03353
469	0.03261
470	0.03163
471	0.03195
472	0.03107
473	0.03075
474	0.03156
475	0.03101
476	0.02939
477	0.03037
478	0.03029
479	0.03174
480	0.03076
481	0.0297
482	0.02949
483	0.0301
484	0.02925
485	0.03056
486	0.03172
487	0.03287
488	0.03154
489	0.03038
490	0.03095
491	0.03147
492	0.03147
493	0.03066
494	0.02992
495	0.02893
496	0.02778
497	0.02807
498	0.02768
499	0.02848
500	0.0278
501	0.02797
502	0.02579
503	0.02736
504	0.02836
505	0.02656
506	0.02692
507	0.02785
508	0.02939
509	0.02951
510	0.03058
511	0.02966
512	0.02912
513	0.02775
514	0.02648
515	0.02733
516	0.02744
517	0.02552
518	0.02544
519	0.02496
520	0.02495
521	0.02548
522	0.02561
523	0.02495
524	0.02748
525	0.02758
526	0.02951
527	0.03008
528	0.03162
529	0.03218
530	0.0331
531	0.03292
532	0.03397
533	0.03584
534	0.03482
535	0.03404
536	0.03331
537	0.03322
538	0.03499
539	0.03513
540	0.03401
541	0.03349
542	0.03431
543	0.03459
544	0.03656
545	0.03624
546	0.0376
547	0.03798
548	0.03976
549	0.03974
550	0.03973
551	0.04002
552	0.04136
553	0.04075
554	0.04153
555	0.04104
556	0.0393
557	0.04023
558	0.03938
559	0.03811
560	0.03594
561	0.03731
562	0.03649
563	0.03777
564	0.03844
565	0.03817
566	0.03805
567	0.03626
568	0.0349
569	0.03569
570	0.03527
571	0.03699
572	0.03659
573	0.03726
574	0.03984
575	0.03997
576	0.04016
577	0.03935
578	0.039
579	0.04026
580	0.04028
581	0.03995
582	0.03911
583	0.03888
584	0.03774
585	0.03881
586	0.03741
587	0.03707
588	0.03497
589	0.03578
590	0.03689
591	0.03523
592	0.03442
593	0.03371
594	0.035
595	0.03589
596	0.03718
597	0.03756
598	0.0357
599	0.03458
600	0.03669
601	0.03751
602	0.037
603	0.03661
604	0.0373
605	0.03597
606	0.03699
607	0.037
608	0.03637
609	0.03629
610	0.03667
611	0.03591
612	0.03645
613	0.03795
614	0.0362
615	0.03559
616	0.03554
617	0.03629
618	0.03817
619	0.03806
620	0.03851
621	0.03782
622	0.03731
623	0.03609
624	0.03622
625	0.03667
626	0.03778
627	0.03658
628	0.03615
629	0.03682
630	0.03759
631	0.03679
632	0.03666
633	0.03502
634	0.03438
635	0.03391
636	0.03506
637	0.03639
638	0.03723
639	0.03776
640	0.03725
641	0.03612
642	0.03842
643	0.03941
644	0.03896
645	0.04063
646	0.03988
647	0.0422
648	0.04338
649	0.04225
650	0.04278
651	0.04366
652	0.04198
653	0.04011
654	0.04081
655	0.03987
656	0.03731
657	0.03688
658	0.0357
659	0.03563
660	0.03484
661	0.03455
662	0.03473
663	0.03424
664	0.03481
665	0.03546
666	0.03383
667	0.03335
668	0.03417
669	0.03595
670	0.03497
671	0.0355
672	0.03568
673	0.03673
674	0.03549
675	0.0346
676	0.03451
677	0.03511
678	0.03507
679	0.03591
680	0.03558
681	0.03584
682	0.0343
683	0.03388
684	0.03455
685	0.03445
686	0.03611
687	0.03755
688	0.03663
689	0.03613
690	0.03597
691	0.03529
692	0.03559
693	0.03687
694	0.03847
695	0.0393
696	0.0407
697	0.04165
698	0.04183
699	0.04096
700	0.03966
701	0.0415
702	0.04133
703	0.04207
704	0.0403
705	0.04161
706	0.04215
707	0.04212
708	0.04228
709	0.04319
710	0.04234
711	0.04187
712	0.04218
713	0.04185
714	0.04257
715	0.04264
716	0.04211
717	0.04194
718	0.04342
719	0.04366
720	0.04446
721	0.04575
722	0.04628
723	0.04604
724	0.04622
725	0.04484
726	0.0461
727	0.0476
728	0.04602
729	0.04485
730	0.04357
731	0.04505
732	0.04505
733	0.04456
734	0.04286
735	0.04362
736	0.04367
737	0.04078
738	0.04205
739	0.03942
740	0.03947
741	0.03901
742	0.04038
743	0.03959
744	0.03904
745	0.03898
746	0.04021
747	0.03931
748	0.04121
749	0.03914
750	0.03876
751	0.03717
752	0.03802
753	0.03732
754	0.03703
755	0.03601
756	0.03526
757	0.03415
758	0.03547
759	0.0375
760	0.03719
761	0.03679
762	0.03591
763	0.03652
764	0.03645
765	0.03739
766	0.03735
767	0.03809
768	0.0364
769	0.03638
770	0.03621
771	0.03498
772	0.03441
773	0.03511
774	0.0348
775	0.03473
776	0.03519
777	0.03626
778	0.03697
779	0.03828
780	0.03907
781	0.03912
782	0.03828
783	0.04001
784	0.03899
785	0.04018
786	0.04123
787	0.04081
788	0.04168
789	0.04183
790	0.04245
791	0.04126
792	0.04104
793	0.04201
794	0.04125
795	0.04096
796	0.04015
797	0.04003
798	0.04111
799	0.04259
800	0.04327
801	0.04377
802	0.04402
803	0.04579
804	0.0458
805	0.04502
806	0.04462
807	0.04526
808	0.04686
809	0.04627
810	0.04614
811	0.04528
812	0.04551
813	0.04567
814	0.04598
815	0.04564
816	0.04563
817	0.04609
818	0.04593
819	0.04545
820	0.0457
821	0.04569
822	0.0452
823	0.04516
824	0.04173
825	0.04176
826	0.04094
827	0.04174
828	0.04126
829	0.04195
830	0.04255
831	0.04207
832	0.04149
833	0.04269
834	0.04283
835	0.04352
836	0.0438
837	0.04437
838	0.04447
839	0.04336
840	0.04176
841	0.04048
842	0.04108
843	0.04033
844	0.03881
845	0.03733
846	0.03604
847	0.03776
848	0.03699
849	0.03634
850	0.03845
851	0.03994
852	0.03995
853	0.0392
854	0.04019
855	0.03821
856	0.0373
857	0.0378
858	0.0376
859	0.03863
860	0.0395
861	0.0397
862	0.03929
863	0.03939
864	0.03905
865	0.03781
866	0.03865
867	0.03941
868	0.03864
869	0.03817
870	0.0376
871	0.03822
872	0.03911
873	0.03819
874	0.03733
875	0.03751
876	0.03868
877	0.03889
878	0.03845
879	0.03855
880	0.03713
881	0.03703
882	0.03863
883	0.03836
884	0.03832
885	0.03679
886	0.03733
887	0.03847
888	0.03733
889	0.03678
890	0.03641
891	0.03675
892	0.03793
893	0.03972
894	0.0402
895	0.03927
896	0.03762
897	0.0368
898	0.03624
899	0.03673
900	0.03646
901	0.03763
902	0.03572
903	0.0355
904	0.03523
905	0.03553
906	0.03559
907	0.03579
908	0.03514
909	0.03618
910	0.03701
911	0.03682
912	0.03876
913	0.03861
914	0.03711
915	0.03839
916	0.0378
917	0.03863
918	0.03898
919	0.0364
920	0.03471
921	0.03421
922	0.03452
923	0.03307
924	0.03279
925	0.03272
926	0.03149
927	0.03111
928	0.03137
929	0.03183
930	0.0311
931	0.03207
932	0.03266
933	0.03353
934	0.03372
935	0.03376
936	0.03299
937	0.03412
938	0.03586
939	0.03705
940	0.03806
941	0.03696
942	0.03804
943	0.03659
944	0.03653
945	0.03683
946	0.03653
947	0.03728
948	0.03849
949	0.03763
950	0.03686
951	0.03618
952	0.03806
953	0.03597
954	0.03811
955	0.03647
956	0.03613
957	0.03815
958	0.03858
959	0.0402
960	0.03968
961	0.03711
962	0.03824
963	0.04023
964	0.04099
965	0.04233
966	0.04166
967	0.04274
968	0.04126
969	0.04258
970	0.04309
971	0.04377
972	0.04513
973	0.04551
974	0.04533
975	0.0472
976	0.04552
977	0.04579
978	0.04628
979	0.04538
980	0.04299
981	0.04185
982	0.04189
983	0.04106
984	0.04197
985	0.04279
986	0.04367
987	0.04384
988	0.04354
989	0.0436
990	0.04234
991	0.04089
992	0.04069
993	0.0415
994	0.04092
995	0.04093
996	0.04029
997	0.0393
998	0.03907
999	0.03961
1000	0.03921
1001	0.03837
1002	0.03866
1003	0.03634
1004	0.0353
1005	0.03494
1006	0.03549
1007	0.03554
1008	0.0343
1009	0.03446
1010	0.03493
1011	0.0366
1012	0.03776
1013	0.04052
1014	0.04149
1015	0.04297
1016	0.04204
1017	0.04252
1018	0.04215
1019	0.04298
1020	0.04388
1021	0.04271
1022	0.04284
1023	0.04364
1024	0.04414
1025	0.04404
1026	0.0451
1027	0.04505
1028	0.04502
1029	0.04546
1030	0.04625
1031	0.04596
1032	0.04528
1033	0.04565
1034	0.04306
1035	0.04284
1036	0.0429
1037	0.04186
1038	0.04205
1039	0.04166
1040	0.04175
1041	0.0408
1042	0.03979
1043	0.04006
1044	0.04065
1045	0.04019
1046	0.04036
1047	0.04178
1048	0.04101
1049	0.03965
1050	0.0399
1051	0.03972
1052	0.03811
1053	0.03851
1054	0.03824
1055	0.03871
1056	0.039
1057	0.03847
1058	0.03984
1059	0.04052
1060	0.0395
1061	0.03885
1062	0.03889
1063	0.03829
1064	0.03731
1065	0.03567
1066	0.03588
1067	0.0357
1068	0.03576
1069	0.03695
1070	0.0382
1071	0.03867
1072	0.03807
1073	0.03739
1074	0.03793
1075	0.03894
1076	0.03898
1077	0.03908
1078	0.03802
1079	0.03738
1080	0.03671
1081	0.037
1082	0.03811
1083	0.03751
1084	0.03773
1085	0.03903
1086	0.03855
1087	0.03892
1088	0.03849
1089	0.04026
1090	0.04073
1091	0.04372
1092	0.04105
1093	0.04165
1094	0.04108
1095	0.03888
1096	0.0398
1097	0.03906
1098	0.03838
1099	0.03837
1100	0.03698
1101	0.0376
1102	0.03769
1103	0.03822
1104	0.03927
1105	0.03906
1106	0.0376
1107	0.03924
1108	0.03756
1109	0.03937
1110	0.03916
1111	0.03826
1112	0.03693
1113	0.03559
1114	0.03735
1115	0.03804
1116	0.03814
1117	0.03762
1118	0.03794
1119	0.03723
1120	0.03692
1121	0.03848
1122	0.0378
1123	0.0372
1124	0.03673
1125	0.03729
1126	0.03855
1127	0.03916
1128	0.03895
1129	0.03838
1130	0.03909
1131	0.03897
1132	0.04083
1133	0.04058
1134	0.04101
1135	0.04125
1136	0.04157
1137	0.0414
1138	0.04016
1139	0.03873
1140	0.03933
1141	0.03934
1142	0.03999
1143	0.04004
1144	0.03867
1145	0.03836
1146	0.03892
1147	0.03849
1148	0.037
1149	0.03761
1150	0.03688
1151	0.03769
1152	0.0405
1153	0.0399
1154	0.03979
1155	0.04035
1156	0.04095
1157	0.04064
1158	0.04025
1159	0.04147
1160	0.04268
1161	0.04189
1162	0.04211
1163	0.04266
1164	0.04203
1165	0.04135
1166	0.04046
1167	0.04091
1168	0.04047
1169	0.0388
1170	0.03847
1171	0.03936
1172	0.0398
1173	0.03961
1174	0.0408
1175	0.04088
1176	0.03999
1177	0.03989
1178	0.03978
1179	0.0398
1180	0.03927
1181	0.03844
1182	0.03908
1183	0.03956
1184	0.03897
1185	0.04036
1186	0.03953
1187	0.03963
1188	0.04034
1189	0.04012
1190	0.04049
1191	0.04136
1192	0.04278
1193	0.04447
1194	0.04505
1195	0.0442
1196	0.04467
1197	0.04462
1198	0.0456
1199	0.04437
1200	0.04332
1201	0.04539
1202	0.04815
1203	0.04814
1204	0.04797
1205	0.04811
1206	0.04752
1207	0.04731
1208	0.04784
1209	0.04644
1210	0.04647
1211	0.04536
1212	0.04551
1213	0.04717
1214	0.0482
1215	0.04733
1216	0.04763
1217	0.04624
1218	0.04652
1219	0.04668
1220	0.04622
1221	0.04606
1222	0.04482
1223	0.04379
1224	0.04156
1225	0.04295
1226	0.04369
1227	0.04346
1228	0.04322
1229	0.04351
1230	0.04181
1231	0.04085
1232	0.04111
1233	0.04036
1234	0.0403
1235	0.03994
1236	0.0408
1237	0.03978
1238	0.03867
1239	0.03841
1240	0.03796
1241	0.03855
1242	0.03842
1243	0.03775
1244	0.03864
1245	0.03636
1246	0.03664
1247	0.0362
1248	0.03641
1249	0.03635
1250	0.0356
1251	0.03544
1252	0.03639
1253	0.03684
1254	0.03662
1255	0.03684
1256	0.03765
1257	0.03657
1258	0.03761
1259	0.03866
1260	0.03866
1261	0.03817
1262	0.03879
1263	0.03925
1264	0.0399
1265	0.03911
1266	0.03846
1267	0.03895
1268	0.0403
1269	0.04025
1270	0.03919
1271	0.03794
1272	0.03849
1273	0.03767
1274	0.03927
1275	0.04106
1276	0.0417
1277	0.0406
1278	0.0393
1279	0.04146
1280	0.04105
1281	0.0417
1282	0.04234
1283	0.04114
1284	0.04062
1285	0.04145
1286	0.04121
1287	0.04115
1288	0.0414
1289	0.04108
1290	0.04173
1291	0.04185
1292	0.04125
1293	0.0419
1294	0.04136
1295	0.04159
1296	0.04328
1297	0.04375
1298	0.04405
1299	0.04302
1300	0.0422
1301	0.04123
1302	0.04241
1303	0.04451
1304	0.04525
1305	0.04599
1306	0.04557
1307	0.04485
1308	0.04388
1309	0.04447
1310	0.04416
1311	0.0447
1312	0.04518
1313	0.04372
1314	0.04392
1315	0.0427
1316	0.0432
1317	0.04268
1318	0.04226
1319	0.04221
1320	0.04225
1321	0.0408
1322	0.04067
1323	0.04219
1324	0.04339
1325	0.04507
1326	0.04534
1327	0.04669
1328	0.04611
1329	0.04706
1330	0.04719
1331	0.04792
1332	0.04841
1333	0.04822
1334	0.04713
1335	0.04546
1336	0.04369
1337	0.04362
1338	0.04464
1339	0.04281
1340	0.0433
1341	0.04284
1342	0.04354
1343	0.04332
1344	0.04366
1345	0.04475
1346	0.04516
1347	0.04804
1348	0.04782
1349	0.04821
1350	0.0478
1351	0.0467
1352	0.04602
1353	0.04713
1354	0.04695
1355	0.04617
1356	0.04704
1357	0.04835
1358	0.0492
1359	0.04809
1360	0.04784
1361	0.05048
1362	0.04966
1363	0.04907
1364	0.04777
1365	0.04904
1366	0.04795
1367	0.04762
1368	0.04681
1369	0.04727
1370	0.04692
1371	0.04514
1372	0.04662
1373	0.04709
1374	0.04749
1375	0.0461
1376	0.04654
1377	0.04536
1378	0.04685
1379	0.0476
1380	0.04731
1381	0.04676
1382	0.0443
1383	0.04547
1384	0.04513
1385	0.04468
1386	0.04355
1387	0.03976
1388	0.04114
1389	0.04104
1390	0.03975
1391	0.0404
1392	0.04181
1393	0.04227
1394	0.04214
1395	0.04223
1396	0.0409
1397	0.04015
1398	0.04026
1399	0.03877
1400	0.03917
1401	0.03944
1402	0.04095
1403	0.03962
1404	0.03839
1405	0.03838
1406	0.03831
1407	0.03804
1408	0.03863
1409	0.03712
1410	0.03689
1411	0.03572
1412	0.03737
1413	0.03703
1414	0.03667
1415	0.03709
1416	0.03935
1417	0.03948
1418	0.0404
1419	0.04139
1420	0.04129
1421	0.04184
1422	0.04214
1423	0.04098
1424	0.04224
1425	0.04201
1426	0.04162
1427	0.04003
1428	0.04134
1429	0.04085
1430	0.04178
1431	0.04052
1432	0.04245
1433	0.04177
1434	0.04117
1435	0.04252
1436	0.04255
1437	0.04163
1438	0.04082
1439	0.0391
1440	0.03914
1441	0.03836
1442	0.03877
1443	0.03898
1444	0.0405
1445	0.04036
1446	0.04331
1447	0.04312
1448	0.04352
1449	0.04354
1450	0.04292
1451	0.04451
1452	0.04431
1453	0.04282
1454	0.04571
1455	0.04583
1456	0.04518
1457	0.04596
1458	0.0448
1459	0.043
1460	0.04354
1461	0.0419
1462	0.04223
1463	0.04204
1464	0.04196
1465	0.0416
1466	0.04184
1467	0.04171
1468	0.04047
1469	0.04147
1470	0.04109
1471	0.04074
1472	0.03903
1473	0.03923
1474	0.03883
1475	0.03806
1476	0.03869
1477	0.03773
1478	0.03958
1479	0.03957
1480	0.04073
1481	0.04044
1482	0.04164
1483	0.04259
1484	0.04329
1485	0.04363
1486	0.04521
1487	0.04788
1488	0.04784
1489	0.04703
1490	0.0486
1491	0.04895
1492	0.04835
1493	0.04736
1494	0.04641
1495	0.04822
1496	0.04761
1497	0.04825
1498	0.04619
1499	0.04586
1500	0.04609
1	1317.0
2	1312.0
3	1287.0
4	1271.0
5	1267.0
6	1258.0
7	1246.0
8	1240.0
9	1239.0
10	1231.0
11	1211.0
12	1203.0
13	1200.0
14	1200.0
15	1198.0
16	1170.0
17	1175.0
18	1166.0
19	1162.0
20	1150.0
21	1145.0
22	1118.0
23	1117.0
24	1090.0
25	1085.0
26	1079.0
27	1062.0
28	1048.0
29	1028.0
30	1020.0
31	1007.0
32	982.0
33	964.8
34	950.1
35	938.5
36	916.4
37	899.3
38	890.5
39	884.5
40	869.0
41	853.4
42	835.7
43	831.2
44	828.3
45	817.6
46	812.4
47	798.0
48	781.7
49	769.3
50	762.3
51	753.3
52	733.8
53	731.3
54	728.8
55	713.9
56	705.7
57	693.1
58	683.5
59	675.1
60	671.9
61	656.2
62	640.8
63	630.2
64	600.6
65	585.0
66	563.5
67	552.0
68	546.8
69	531.6
70	526.9
71	514.7
72	505.6
73	482.7
74	472.6
75	460.3
76	457.2
77	454.7
78	442.7
79	441.5
80	444.7
81	432.4
82	429.2
83	421.1
84	409.2
85	402.4
86	405.4
87	396.3
88	382.7
89	359.1
90	343.3
91	340.9
92	333.2
93	340.3
94	326.8
95	313.6
96	304.9
97	296.5
98	289.7
99	284.1
100	278.1
101	275.0
102	275.0
103	270.7
104	252.7
105	252.3
106	253.5
107	241.8
108	240.4
109	218.9
110	201.3
111	195.6
112	193.9
113	189.1
114	182.6
115	171.5
116	164.1
117	163.1
118	163.7
119	160.2
120	165.6
121	163.8
122	162.3
123	163.0
124	168.4
125	167.2
126	159.0
127	146.3
128	145.5
129	148.4
130	138.5
131	134.6
132	128.3
133	126.0
134	125.9
135	122.6
136	121.0
137	118.7
138	110.1
139	105.6
140	105.5
141	101.6
142	104.8
143	102.8
144	103.9
145	107.8
146	105.4
147	107.1
148	102.0
149	102.2
150	100.4
151	93.11
152	94.0
153	93.76
154	94.11
155	91.33
156	91.54
157	89.34
158	90.44
159	91.19
160	92.6
161	91.45
162	86.71
163	91.38
164	84.45
165	84.52
166	83.64
167	90.76
168	87.35
169	88.82
170	86.3
171	87.89
172	84.91
173	85.52
174	85.9
175	83.11
176	81.46
177	80.81
178	80.12
179	83.69
180	85.16
181	83.19
182	87.73
183	80.8
184	80.55
185	79.8
186	79.82
187	80.72
188	78.91
189	79.37
190	79.07
191	78.16
192	78.96
193	80.41
194	78.15
195	78.93
196	80.49
197	78.58
198	78.96
199	77.89
200	79.52
201	80.48
202	81.75
203	78.08
204	80.28
205	79.51
206	79.88
207	78.33
208	80.55
209	78.97
210	78.82
211	81.76
212	78.12
213	78.06
214	84.76
215	79.98
216	79.94
217	80.95
218	79.63
219	84.12
220	82.66
221	88.18
222	85.16
223	82.61
224	81.75
225	84.41
226	83.25
227	84.85
228	87.02
229	83.83
230	83.34
231	89.84
232	82.48
233	81.6
234	81.17
235	82.06
236	80.13
237	81.49
238	80.34
239	83.69
240	82.45
241	81.19
242	85.88
243	80.16
244	81.07
245	84.72
246	79.67
247	78.44
248	80.6
249	84.44
250	79.94
251	77.87
252	82.63
253	79.57
254	78.07
255	78.28
256	79.46
257	78.29
258	77.93
259	78.44
260	80.46
261	79.68
262	83.41
263	82.61
264	81.87
265	78.51
266	79.02
267	78.28
268	81.54
269	78.71
270	78.28
271	82.38
272	77.84
273	80.94
274	78.61
275	78.83
276	80.23
277	78.09
278	80.26
279	79.93
280	78.23
281	79.91
282	79.29
283	79.89
284	79.84
285	78.37
286	77.86
287	79.46
288	85.05
289	82.58
290	78.51
291	81.47
292	81.19
293	79.94
294	87.51
295	79.23
296	79.39
297	81.09
298	78.7
299	78.36
300	78.32
301	79.42
302	79.09
303	79.07
304	79.32
305	81.03
306	79.12
307	78.77
308	79.3
309	80.25
310	80.57
311	78.66
312	80.98
313	82.04
314	82.88
315	79.63
316	82.26
317	79.97
318	78.31
319	81.95
320	79.37
321	83.5
322	81.13
323	80.0
324	78.54
325	79.42
326	81.6
327	79.18
328	81.37
329	79.99
330	80.09
331	79.8
332	80.98
333	80.37
334	80.33
335	80.8
336	80.16
337	80.13
338	79.81
339	85.12
340	82.67
341	79.34
342	78.6
343	84.81
344	79.5
345	78.21
346	79.75
347	79.66
348	79.35
349	78.69
350	78.43
351	85.8
352	82.49
353	83.08
354	81.35
355	82.9
356	82.28
357	80.53
358	80.86
359	81.88
360	80.9
361	80.0
362	83.44
363	79.98
364	84.12
365	83.44
366	79.02
367	79.86
368	82.81
369	80.54
370	79.16
371	82.17
372	78.85
373	81.99
374	79.86
375	79.03
376	80.1
377	80.26
378	79.15
379	79.72
380	79.02
381	83.23
382	83.57
383	82.35
384	82.35
385	83.84
386	82.75
387	82.27
388	82.36
389	84.65
390	80.85
391	80.29
392	81.12
393	81.09
394	81.29
395	83.38
396	84.02
397	88.09
398	83.32
399	87.22
400	79.71
401	80.8
402	81.74
403	79.3
404	83.29
405	80.25
406	80.84
407	81.95
408	80.32
409	80.03
410	85.87
411	79.35
412	80.98
413	79.0
414	81.49
415	82.38
416	80.1
417	79.5
418	78.52
419	78.92
420	78.6
421	78.15
422	80.3
423	80.53
424	84.81
425	79.06
426	80.59
427	79.18
428	80.06
429	82.88
430	79.22
431	81.71
432	80.17
433	79.48
434	78.51
435	79.28
436	78.77
437	82.12
438	79.52
439	81.15
440	81.73
441	82.02
442	80.59
443	81.31
444	80.96
445	85.2
446	83.22
447	84.79
448	81.68
449	82.04
450	80.52
451	83.02
452	83.92
453	84.11
454	82.84
455	85.24
456	81.7
457	81.25
458	82.43
459	80.97
460	80.32
461	80.82
462	81.74
463	79.29
464	79.58
465	84.0
466	83.76
467	83.87
468	85.48
469	85.27
470	82.8
471	82.0
472	84.31
473	87.71
474	83.03
475	82.95
476	84.8
477	83.84
478	84.84
479	88.74
480	84.01
481	86.28
482	84.61
483	87.42
484	89.5
485	85.63
486	82.59
487	85.91
488	82.61
489	85.57
490	83.55
491	82.29
492	87.61
493	86.43
494	84.32
495	84.79
496	86.71
497	86.81
498	86.6
499	89.44
500	89.14
501	86.12
502	95.89
503	89.69
504	86.24
505	90.37
506	90.86
507	86.36
508	86.5
509	85.04
510	88.03
511	84.98
512	85.57
513	87.02
514	88.32
515	90.21
516	87.06
517	92.18
518	89.94
519	90.42
520	95.3
521	91.53
522	89.52
523	90.98
524	91.6
525	89.81
526	86.98
527	83.57
528	86.02
529	82.53
530	82.07
531	83.24
532	86.14
533	83.77
534	81.14
535	81.13
536	80.92
537	80.59
538	82.18
539	79.9
540	80.61
541	81.2
542	82.8
543	79.69
544	80.6
545	79.89
546	83.2
547	80.53
548	82.36
549	86.29
550	79.48
551	80.35
552	79.83
553	85.36
554	81.9
555	79.13
556	80.27
557	79.37
558	77.93
559	84.25
560	79.01
561	78.3
562	80.74
563	82.28
564	78.02
565	79.5
566	78.12
567	84.02
568	79.62
569	79.57
570	80.18
571	79.13
572	78.86
573	78.64
574	80.67
575	78.54
576	77.98
577	84.53
578	80.53
579	81.1
580	78.95
581	80.28
582	78.26
583	82.52
584	78.93
585	78.65
586	81.0
587	80.25
588	82.6
589	81.59
590	83.18
591	80.22
592	84.69
593	81.55
594	81.12
595	79.58
596	85.16
597	78.64
598	79.77
599	81.62
600	85.03
601	79.85
602	87.73
603	82.27
604	79.12
605	80.8
606	79.39
607	80.55
608	80.83
609	80.78
610	78.74
611	80.39
612	79.7
613	78.91
614	79.84
615	80.39
616	79.89
617	81.49
618	80.1
619	78.95
620	78.61
621	82.16
622	79.48
623	79.17
624	81.59
625	78.88
626	82.76
627	89.25
628	79.11
629	80.14
630	80.09
631	78.55
632	80.11
633	80.16
634	82.29
635	80.85
636	83.22
637	79.56
638	80.06
639	80.28
640	80.18
641	80.04
642	82.91
643	79.8
644	84.12
645	80.91
646	79.09
647	81.62
648	80.31
649	79.56
650	79.86
651	84.04
652	85.88
653	82.95
654	78.0
655	78.9
656	85.56
657	79.61
658	80.13
659	79.2
660	79.75
661	82.01
662	81.74
663	81.85
664	80.08
665	84.98
666	85.06
667	80.45
668	83.41
669	79.52
670	80.21
671	80.12
672	79.21
673	79.11
674	79.91
675	83.42
676	80.98
677	81.08
678	80.94
679	83.13
680	80.19
681	82.99
682	84.26
683	80.28
684	80.81
685	79.81
686	83.55
687	80.26
688	78.57
689	80.23
690	79.4
691	83.68
692	79.45
693	79.62
694	78.0
695	80.64
696	78.3
697	81.48
698	77.98
699	80.38
700	79.95
701	79.6
702	81.31
703	79.18
704	82.48
705	79.88
706	79.59
707	78.63
708	78.49
709	80.48
710	77.99
711	82.16
712	80.13
713	79.18
714	79.31
715	78.15
716	78.01
717	78.08
718	80.24
719	78.6
720	80.06
721	79.92
722	81.18
723	82.2
724	80.43
725	85.71
726	83.56
727	83.81
728	80.31
729	80.05
730	83.28
731	84.61
732	80.11
733	79.23
734	80.25
735	80.26
736	78.86
737	84.8
738	79.43
739	81.46
740	78.73
741	77.99
742	79.78
743	78.86
744	78.62
745	78.31
746	78.93
747	77.88
748	80.76
749	86.16
750	78.31
751	78.59
752	83.38
753	80.31
754	80.35
755	79.8
756	79.91
757	81.87
758	79.86
759	82.25
760	78.34
761	81.41
762	80.32
763	83.0
764	79.88
765	81.87
766	78.68
767	81.09
768	80.52
769	79.17
770	78.81
771	80.32
772	80.32
773	82.99
774	80.76
775	80.12
776	80.59
777	80.68
778	78.53
779	81.98
780	78.18
781	80.22
782	78.83
783	78.94
784	78.69
785	79.4
786	78.26
787	81.24
788	78.37
789	80.28
790	79.16
791	81.68
792	78.34
793	78.62
794	79.33
795	77.83
796	81.68
797	78.53
798	80.05
799	78.92
800	78.8
801	78.71
802	80.62
803	80.22
804	80.41
805	82.27
806	79.32
807	79.71
808	83.09
809	80.04
810	80.33
811	80.64
812	81.61
813	84.62
814	80.35
815	82.39
816	81.89
817	80.94
818	79.54
819	83.8
820	81.47
821	80.14
822	79.01
823	82.98
824	82.65
825	78.02
826	78.39
827	78.65
828	77.95
829	78.68
830	78.28
831	80.73
832	81.92
833	82.15
834	78.8
835	79.08
836	79.85
837	78.91
838	80.55
839	79.37
840	81.8
841	78.31
842	81.98
843	78.47
844	78.89
845	82.59
846	87.4
847	79.43
848	82.15
849	79.48
850	82.27
851	83.51
852	78.85
853	81.28
854	79.78
855	78.32
856	78.68
857	78.79
858	78.39
859	78.25
860	82.25
861	80.1
862	78.82
863	78.13
864	78.62
865	79.06
866	80.97
867	78.01
868	78.0
869	81.03
870	79.54
871	79.99
872	78.22
873	82.31
874	79.43
875	81.41
876	80.29
877	81.63
878	78.73
879	78.36
880	79.46
881	78.51
882	78.74
883	78.68
884	80.0
885	83.63
886	78.85
887	81.06
888	79.49
889	80.07
890	79.02
891	80.54
892	79.76
893	79.82
894	80.14
895	78.69
896	83.71
897	80.84
898	80.07
899	82.17
900	78.62
901	84.83
902	80.11
903	80.87
904	80.5
905	79.27
906	87.39
907	79.36
908	79.87
909	82.89
910	78.62
911	79.59
912	81.58
913	78.63
914	79.21
915	79.9
916	79.33
917	78.91
918	78.82
919	80.97
920	81.33
921	83.43
922	81.34
923	85.27
924	80.91
925	83.28
926	87.16
927	83.49
928	84.5
929	81.73
930	85.28
931	81.9
932	81.14
933	82.34
934	82.94
935	80.81
936	86.8
937	81.71
938	79.61
939	80.17
940	80.73
941	80.73
942	78.26
943	79.95
944	83.72
945	78.88
946	78.78
947	80.25
948	82.44
949	78.93
950	81.2
951	81.87
952	78.27
953	80.56
954	79.13
955	79.76
956	80.26
957	85.74
958	82.26
959	78.27
960	78.36
961	85.05
962	82.83
963	80.39
964	80.35
965	81.61
966	81.48
967	80.15
968	78.52
969	78.65
970	82.57
971	82.11
972	79.9
973	82.91
974	79.72
975	86.7
976	85.52
977	80.3
978	79.64
979	79.31
980	85.27
981	85.56
982	80.22
983	78.14
984	78.33
985	78.9
986	78.88
987	79.31
988	78.92
989	78.78
990	78.17
991	87.17
992	78.19
993	78.5
994	78.91
995	81.15
996	82.85
997	79.87
998	78.52
999	77.9
1000	77.84
1001	78.62
1002	78.64
1003	83.76
1004	84.88
1005	79.83
1006	79.56
1007	81.76
1008	81.43
1009	81.81
1010	79.81
1011	79.36
1012	79.27
1013	85.32
1014	77.93
1015	78.59
1016	79.14
1017	78.87
1018	81.39
1019	78.48
1020	81.15
1021	78.57
1022	78.34
1023	79.45
1024	78.64
1025	79.82
1026	79.03
1027	79.29
1028	80.17
1029	80.89
1030	80.31
1031	80.17
1032	80.06
1033	79.7
1034	91.1
1035	81.55
1036	79.09
1037	78.89
1038	78.07
1039	77.85
1040	78.17
1041	78.47
1042	78.54
1043	79.43
1044	77.85
1045	78.9
1046	78.14
1047	80.14
1048	78.57
1049	81.89
1050	77.88
1051	78.96
1052	78.29
1053	78.15
1054	78.25
1055	78.12
1056	82.29
1057	77.95
1058	78.05
1059	77.76
1060	79.19
1061	78.83
1062	81.47
1063	80.31
1064	82.32
1065	80.3
1066	80.21
1067	79.78
1068	79.83
1069	79.08
1070	78.03
1071	78.87
1072	78.72
1073	79.12
1074	78.32
1075	79.02
1076	78.79
1077	79.34
1078	78.25
1079	78.43
1080	79.78
1081	79.81
1082	81.6
1083	78.45
1084	80.15
1085	80.29
1086	77.94
1087	78.08
1088	79.73
1089	82.38
1090	81.89
1091	80.3
1092	82.25
1093	79.35
1094	77.83
1095	82.99
1096	78.61
1097	77.98
1098	81.38
1099	78.68
1100	79.0
1101	79.58
1102	80.59
1103	78.38
1104	83.34
1105	79.86
1106	81.58
1107	79.14
1108	79.33
1109	86.08
1110	80.3
1111	80.11
1112	79.01
1113	79.04
1114	80.5
1115	78.26
1116	78.96
1117	79.53
1118	79.87
1119	78.72
1120	79.24
1121	80.04
1122	78.28
1123	80.14
1124	83.05
1125	81.16
1126	81.4
1127	79.23
1128	78.73
1129	79.66
1130	79.95
1131	78.42
1132	80.43
1133	81.19
1134	81.46
1135	78.22
1136	78.8
1137	79.23
1138	78.66
1139	79.32
1140	77.92
1141	79.09
1142	77.79
1143	79.27
1144	78.69
1145	79.38
1146	81.41
1147	79.53
1148	79.33
1149	80.78
1150	78.76
1151	81.18
1152	81.46
1153	82.12
1154	79.84
1155	81.5
1156	79.38
1157	78.26
1158	79.11
1159	78.66
1160	81.04
1161	81.62
1162	79.09
1163	80.88
1164	78.85
1165	78.39
1166	80.11
1167	79.51
1168	78.94
1169	85.51
1170	80.51
1171	80.73
1172	77.78
1173	79.98
1174	77.83
1175	78.38
1176	79.04
1177	79.0
1178	79.04
1179	79.62
1180	79.58
1181	80.7
1182	82.64
1183	77.84
1184	80.51
1185	81.05
1186	77.85
1187	88.09
1188	78.05
1189	78.11
1190	79.09
1191	77.88
1192	78.94
1193	81.4
1194	81.3
1195	78.98
1196	78.96
1197	80.16
1198	80.75
1199	79.13
1200	79.43
1201	80.97
1202	84.43
1203	82.24
1204	81.21
1205	83.56
1206	80.68
1207	80.66
1208	81.25
1209	83.01
1210	81.2
1211	80.2
1212	81.19
1213	81.48
1214	83.46
1215	85.59
1216	81.57
1217	79.86
1218	82.13
1219	80.87
1220	85.51
1221	80.24
1222	80.64
1223	79.53
1224	81.02
1225	80.35
1226	81.01
1227	80.17
1228	78.66
1229	80.68
1230	80.71
1231	78.15
1232	80.14
1233	77.81
1234	80.05
1235	79.49
1236	80.74
1237	80.72
1238	78.1
1239	79.44
1240	82.52
1241	79.62
1242	79.51
1243	78.13
1244	78.34
1245	82.85
1246	78.79
1247	78.7
1248	79.03
1249	79.87
1250	79.54
1251	79.73
1252	79.01
1253	78.84
1254	83.37
1255	79.76
1256	86.36
1257	82.03
1258	82.76
1259	79.23
1260	78.51
1261	78.35
1262	79.09
1263	79.65
1264	77.99
1265	79.67
1266	79.61
1267	78.15
1268	80.52
1269	79.24
1270	81.27
1271	78.34
1272	78.15
1273	78.42
1274	81.92
1275	82.47
1276	80.32
1277	82.81
1278	79.08
1279	79.92
1280	78.9
1281	78.15
1282	78.95
1283	79.01
1284	77.79
1285	82.12
1286	80.46
1287	78.44
1288	79.14
1289	79.86
1290	77.93
1291	77.91
1292	79.42
1293	81.3
1294	77.82
1295	78.07
1296	78.51
1297	79.94
1298	80.27
1299	78.3
1300	79.29
1301	80.06
1302	79.52
1303	81.75
1304	79.09
1305	79.9
1306	80.38
1307	79.5
1308	81.51
1309	82.36
1310	79.63
1311	79.71
1312	79.26
1313	78.68
1314	82.46
1315	79.47
1316	78.25
1317	80.63
1318	84.72
1319	78.39
1320	80.59
1321	79.84
1322	83.28
1323	78.23
1324	81.12
1325	79.82
1326	79.82
1327	86.77
1328	83.28
1329	80.87
1330	81.26
1331	81.04
1332	81.75
1333	81.49
1334	80.66
1335	81.34
1336	88.0
1337	78.97
1338	80.37
1339	82.68
1340	80.82
1341	79.28
1342	83.11
1343	78.75
1344	80.35
1345	83.39
1346	79.35
1347	86.76
1348	80.85
1349	81.26
1350	94.95
1351	80.26
1352	80.28
1353	81.7
1354	81.63
1355	80.21
1356	80.65
1357	85.86
1358	82.74
1359	86.78
1360	80.95
1361	87.65
1362	89.27
1363	82.55
1364	84.96
1365	87.87
1366	83.09
1367	80.96
1368	80.56
1369	81.27
1370	80.69
1371	81.31
1372	80.5
1373	84.14
1374	80.73
1375	79.98
1376	80.2
1377	80.67
1378	83.79
1379	83.9
1380	80.44
1381	80.72
1382	80.33
1383	81.67
1384	82.08
1385	79.52
1386	80.79
1387	84.99
1388	82.11
1389	79.07
1390	81.46
1391	79.68
1392	79.6
1393	78.18
1394	79.0
1395	79.45
1396	81.6
1397	80.27
1398	78.12
1399	79.55
1400	78.29
1401	79.3
1402	82.1
1403	83.04
1404	78.76
1405	80.26
1406	78.83
1407	80.02
1408	78.66
1409	83.98
1410	78.83
1411	79.76
1412	78.52
1413	78.82
1414	81.39
1415	79.86
1416	79.79
1417	82.85
1418	79.16
1419	78.73
1420	78.18
1421	80.55
1422	82.44
1423	78.53
1424	78.9
1425	81.46
1426	79.39
1427	81.75
1428	79.58
1429	80.48
1430	84.66
1431	78.31
1432	78.17
1433	79.98
1434	79.12
1435	79.98
1436	78.03
1437	78.92
1438	78.86
1439	78.6
1440	78.74
1441	77.98
1442	79.12
1443	84.9
1444	81.69
1445	79.59
1446	83.51
1447	78.39
1448	81.78
1449	78.56
1450	80.61
1451	81.59
1452	80.4
1453	78.97
1454	80.34
1455	79.67
1456	90.58
1457	82.57
1458	82.12
1459	79.94
1460	83.56
1461	79.53
1462	79.13
1463	79.29
1464	79.79
1465	81.3
1466	79.38
1467	78.73
1468	83.66
1469	78.29
1470	85.47
1471	77.88
1472	80.87
1473	80.4
1474	78.14
1475	79.83
1476	78.28
1477	79.05
1478	80.09
1479	78.21
1480	80.94
1481	79.52
1482	78.22
1483	78.7
1484	79.61
1485	81.98
1486	80.83
1487	81.17
1488	82.21
1489	82.61
1490	84.2
1491	81.72
1492	92.61
1493	80.95
1494	81.75
1495	85.24
1496	80.72
1497	82.23
1498	84.71
1499	80.07
1500	81.57
1	17.83
2	15.58
3	15.32
4	13.66
5	13.93
6	12.27
7	12.71
8	10.6
9	12.92
10	9.988
11	10.71
12	9.673
13	10.33
14	10.65
15	10.39
16	9.338
17	8.872
18	9.334
19	8.693
20	7.2
21	6.685
22	7.246
23	8.508
24	5.869
25	6.292
26	6.242
27	5.891
28	5.687
29	4.704
30	5.284
31	3.883
32	3.385
33	3.869
34	3.654
35	3.124
36	2.716
37	2.89
38	2.317
39	3.002
40	2.695
41	2.011
42	2.044
43	2.166
44	2.248
45	1.953
46	1.899
47	1.882
48	1.6
49	1.671
50	1.581
51	1.463
52	1.273
53	1.286
54	1.283
55	1.146
56	1.36
57	1.268
58	1.233
59	1.033
60	0.8498
61	0.8964
62	0.9069
63	1.083
64	0.7959
65	0.7751
66	0.6935
67	0.6283
68	0.597
69	0.5883
70	0.506
71	0.4719
72	0.5073
73	0.4653
74	0.4469
75	0.4062
76	0.4019
77	0.391
78	0.4445
79	0.381
80	0.4368
81	0.3685
82	0.3751
83	0.3213
84	0.2891
85	0.3218
86	0.3189
87	0.3254
88	0.2908
89	0.2831
90	0.2723
91	0.2175
92	0.2104
93	0.2528
94	0.2226
95	0.2334
96	0.1951
97	0.2132
98	0.2134
99	0.2147
100	0.1974
101	0.1706
102	0.197
103	0.174
104	0.1713
105	0.1748
106	0.1987
107	0.1525
108	0.1791
109	0.1429
110	0.1305
111	0.1413
112	0.1311
113	0.1507
114	0.139
115	0.1397
116	0.1108
117	0.1038
118	0.1125
119	0.1276
120	0.09893
121	0.1172
122	0.1151
123	0.1163
124	0.1421
125	0.1232
126	0.1031
127	0.105
128	0.1035
129	0.09407
130	0.1052
131	0.0917
132	0.09765
133	0.09768
134	0.104
135	0.09957
136	0.1084
137	0.1036
138	0.09355
139	0.08931
140	0.1069
141	0.08496
142	0.09199
143	0.0945
144	0.09888
145	0.1066
146	0.09487
147	0.1071
148	0.08162
149	0.08256
150	0.07503
151	0.08806
152	0.09668
153	0.09963
154	0.08854
155	0.08936
156	0.0973
157	0.08588
158	0.08895
159	0.08862
160	0.09007
161	0.086
162	0.08715
163	0.09566
164	0.09241
165	0.09111
166	0.08494
167	0.105
168	0.07954
169	0.1002
170	0.08648
171	0.08704
172	0.08159
173	0.07348
174	0.08282
175	0.09104
176	0.08289
177	0.08098
178	0.08069
179	0.07809
180	0.06929
181	0.09097
182	0.06896
183	0.09017
184	0.08721
185	0.07877
186	0.08819
187	0.09139
188	0.07571
189	0.0913
190	0.08904
191	0.08532
192	0.08931
193	0.07459
194	0.07821
195	0.07743
196	0.07091
197	0.08104
198	0.07669
199	0.07886
200	0.0924
201	0.07277
202	0.09865
203	0.08332
204	0.07226
205	0.07356
206	0.08317
207	0.08065
208	0.09366
209	0.07671
210	0.08461
211	0.09374
212	0.08237
213	0.08324
214	0.07395
215	0.07934
216	0.08688
217	0.08295
218	0.08334
219	0.09105
220	0.08801
221	0.09769
222	0.08662
223	0.09357
224	0.07897
225	0.08925
226	0.08058
227	0.08075
228	0.09975
229	0.09388
230	0.08249
231	0.09684
232	0.07828
233	0.07955
234	0.07866
235	0.09102
236	0.08351
237	0.08813
238	0.07816
239	0.06928
240	0.07054
241	0.08549
242	0.09407
243	0.09003
244	0.09218
245	0.08095
246	0.08858
247	0.08344
248	0.09254
249	0.08828
250	0.07358
251	0.08145
252	0.09892
253	0.08495
254	0.08447
255	0.07841
256	0.0846
257	0.08487
258	0.08488
259	0.0859
260	0.09434
261	0.08035
262	0.06836
263	0.09261
264	0.07146
265	0.08788
266	0.07784
267	0.07836
268	0.09437
269	0.08229
270	0.0797
271	0.09171
272	0.08298
273	0.07187
274	0.08866
275	0.08576
276	0.07721
277	0.08124
278	0.07598
279	0.08378
280	0.0796
281	0.07389
282	0.07825
283	0.07534
284	0.07433
285	0.08613
286	0.08292
287	0.08884
288	0.1059
289	0.07391
290	0.08191
291	0.0905
292	0.08968
293	0.07668
294	0.06866
295	0.08827
296	0.0822
297	0.08759
298	0.0854
299	0.08437
300	0.08564
301	0.07351
302	0.07434
303	0.07395
304	0.09102
305	0.07614
306	0.07759
307	0.08779
308	0.0881
309	0.09312
310	0.08071
311	0.08276
312	0.07412
313	0.09411
314	0.09886
315	0.08567
316	0.08369
317	0.08073
318	0.07801
319	0.09174
320	0.08889
321	0.08735
322	0.0961
323	0.07779
324	0.0775
325	0.08981
326	0.07262
327	0.08688
328	0.0708
329	0.0821
330	0.08276
331	0.07996
332	0.07974
333	0.08911
334	0.078
335	0.09188
336	0.08094
337	0.08324
338	0.07628
339	0.1041
340	0.08426
341	0.09061
342	0.07521
343	0.06508
344	0.07303
345	0.08096
346	0.07231
347	0.09247
348	0.08438
349	0.08877
350	0.0841
351	0.09572
352	0.08663
353	0.07963
354	0.09272
355	0.09169
356	0.08696
357	0.08338
358	0.08708
359	0.08641
360	0.07248
361	0.08698
362	0.09658
363	0.09077
364	0.08187
365	0.06814
366	0.08318
367	0.08808
368	0.09284
369	0.09137
370	0.08858
371	0.0705
372	0.0789
373	0.09381
374	0.09142
375	0.07993
376	0.08012
377	0.09049
378	0.08274
379	0.08764
380	0.08325
381	0.08501
382	0.0829
383	0.0923
384	0.08745
385	0.09096
386	0.07762
387	0.07701
388	0.09273
389	0.09174
390	0.08629
391	0.08283
392	0.08548
393	0.08268
394	0.08858
395	0.09587
396	0.09727
397	0.06827
398	0.08481
399	0.06571
400	0.08062
401	0.08651
402	0.08098
403	0.07948
404	0.09816
405	0.08239
406	0.08465
407	0.08134
408	0.08447
409	0.0843
410	0.08074
411	0.08903
412	0.07094
413	0.08963
414	0.09453
415	0.07049
416	0.09423
417	0.07889
418	0.07929
419	0.07623
420	0.08742
421	0.08149
422	0.08984
423	0.07077
424	0.09216
425	0.08797
426	0.07313
427	0.07495
428	0.08348
429	0.08911
430	0.07725
431	0.09442
432	0.08726
433	0.08681
434	0.07691
435	0.08536
436	0.07853
437	0.07506
438	0.08519
439	0.07496
440	0.08209
441	0.08073
442	0.08106
443	0.07732
444	0.0808
445	0.06909
446	0.07556
447	0.08774
448	0.0861
449	0.07368
450	0.08377
451	0.08551
452	0.08003
453	0.07528
454	0.09077
455	0.09888
456	0.07614
457	0.07563
458	0.07245
459	0.07713
460	0.08202
461	0.08192
462	0.08934
463	0.08404
464	0.08249
465	0.08391
466	0.09462
467	0.08166
468	0.07785
469	0.09941
470	0.08528
471	0.07903
472	0.07889
473	0.1027
474	0.08309
475	0.08203
476	0.08073
477	0.08427
478	0.08993
479	0.0761
480	0.08113
481	0.07368
482	0.07966
483	0.09073
484	0.09325
485	0.07638
486	0.08244
487	0.09543
488	0.08956
489	0.08532
490	0.09073
491	0.08201
492	0.06758
493	0.07153
494	0.09028
495	0.08415
496	0.07953
497	0.08148
498	0.08237
499	0.08223
500	0.07318
501	0.08301
502	0.07368
503	0.08308
504	0.09073
505	0.08325
506	0.1003
507	0.0811
508	0.09145
509	0.09024
510	0.1025
511	0.09188
512	0.07919
513	0.08684
514	0.08151
515	0.1011
516	0.08294
517	0.07801
518	0.08485
519	0.08744
520	0.07165
521	0.09492
522	0.08618
523	0.08488
524	0.0898
525	0.0732
526	0.07581
527	0.08251
528	0.06991
529	0.09066
530	0.0781
531	0.09491
532	0.0864
533	0.09204
534	0.07637
535	0.09096
536	0.07768
537	0.08209
538	0.09208
539	0.08706
540	0.07808
541	0.08513
542	0.0792
543	0.0839
544	0.07472
545	0.07464
546	0.09628
547	0.07593
548	0.08641
549	0.09142
550	0.07253
551	0.0949
552	0.07326
553	0.1048
554	0.07176
555	0.09016
556	0.08475
557	0.07286
558	0.08298
559	0.07669
560	0.08539
561	0.08323
562	0.09366
563	0.08201
564	0.08355
565	0.08063
566	0.0835
567	0.093
568	0.07868
569	0.08427
570	0.08999
571	0.0801
572	0.07857
573	0.08441
574	0.08314
575	0.08851
576	0.08524
577	0.08091
578	0.07077
579	0.09664
580	0.07405
581	0.07085
582	0.08488
583	0.06741
584	0.08357
585	0.07555
586	0.09285
587	0.09264
588	0.06993
589	0.07077
590	0.06844
591	0.0902
592	0.09633
593	0.08701
594	0.08864
595	0.08694
596	0.06657
597	0.08321
598	0.07783
599	0.07569
600	0.08953
601	0.08257
602	0.1048
603	0.06897
604	0.07671
605	0.07245
606	0.07719
607	0.09029
608	0.08535
609	0.08284
610	0.08389
611	0.088
612	0.08941
613	0.0873
614	0.07513
615	0.07577
616	0.08937
617	0.08255
618	0.08244
619	0.08619
620	0.07764
621	0.09541
622	0.09068
623	0.08626
624	0.09585
625	0.07758
626	0.08133
627	0.0626
628	0.08405
629	0.07366
630	0.09066
631	0.08114
632	0.07342
633	0.08855
634	0.0719
635	0.08854
636	0.09473
637	0.07876
638	0.07528
639	0.08217
640	0.07357
641	0.08655
642	0.08425
643	0.08222
644	0.06544
645	0.07858
646	0.08732
647	0.09052
648	0.09293
649	0.07836
650	0.08864
651	0.09855
652	0.09117
653	0.09023
654	0.08447
655	0.08995
656	0.08461
657	0.08331
658	0.08484
659	0.08307
660	0.08039
661	0.07153
662	0.08963
663	0.09135
664	0.07658
665	0.1037
666	0.08575
667	0.08283
668	0.09775
669	0.08699
670	0.08972
671	0.07487
672	0.07998
673	0.07753
674	0.07702
675	0.06919
676	0.09171
677	0.07537
678	0.09045
679	0.07529
680	0.07436
681	0.06903
682	0.07464
683	0.08394
684	0.07732
685	0.08118
686	0.08657
687	0.08702
688	0.08156
689	0.07363
690	0.07765
691	0.06789
692	0.08252
693	0.08712
694	0.08158
695	0.08206
696	0.08353
697	0.06967
698	0.08428
699	0.07826
700	0.08164
701	0.08341
702	0.09721
703	0.09084
704	0.08855
705	0.08697
706	0.08413
707	0.08389
708	0.08273
709	0.0944
710	0.08138
711	0.0739
712	0.09334
713	0.09085
714	0.07481
715	0.07907
716	0.08255
717	0.08504
718	0.07884
719	0.08319
720	0.08736
721	0.07912
722	0.08759
723	0.09419
724	0.07568
725	0.065
726	0.09738
727	0.07059
728	0.07593
729	0.08115
730	0.06895
731	0.07559
732	0.07441
733	0.08375
734	0.07192
735	0.0895
736	0.08608
737	0.08152
738	0.09132
739	0.0745
740	0.08813
741	0.08133
742	0.09242
743	0.08947
744	0.07555
745	0.08158
746	0.0882
747	0.08366
748	0.08399
749	0.09648
750	0.08018
751	0.07871
752	0.09073
753	0.08324
754	0.08413
755	0.08242
756	0.0775
757	0.08915
758	0.08874
759	0.07949
760	0.0815
761	0.07041
762	0.09196
763	0.08184
764	0.0756
765	0.07344
766	0.08689
767	0.07235
768	0.07261
769	0.08781
770	0.07952
771	0.08986
772	0.08823
773	0.09874
774	0.08589
775	0.07647
776	0.08203
777	0.09368
778	0.08051
779	0.07545
780	0.0819
781	0.08351
782	0.07572
783	0.07607
784	0.07727
785	0.08755
786	0.0869
787	0.09715
788	0.07984
789	0.07897
790	0.09047
791	0.07637
792	0.08452
793	0.0844
794	0.07461
795	0.07984
796	0.06833
797	0.08802
798	0.07428
799	0.07508
800	0.07985
801	0.07789
802	0.09397
803	0.08454
804	0.08503
805	0.09257
806	0.088
807	0.07831
808	0.07534
809	0.07956
810	0.0871
811	0.09172
812	0.09173
813	0.08619
814	0.07766
815	0.07301
816	0.0798
817	0.0897
818	0.08007
819	0.06778
820	0.07188
821	0.08544
822	0.08132
823	0.0985
824	0.08585
825	0.08448
826	0.07749
827	0.07847
828	0.08396
829	0.08863
830	0.07794
831	0.07028
832	0.07031
833	0.09887
834	0.08693
835	0.07971
836	0.07355
837	0.0857
838	0.09218
839	0.09026
840	0.08226
841	0.07966
842	0.068
843	0.08098
844	0.08711
845	0.09431
846	0.1008
847	0.08175
848	0.09707
849	0.07538
850	0.08096
851	0.0786
852	0.08943
853	0.08823
854	0.09034
855	0.07828
856	0.08675
857	0.07583
858	0.08133
859	0.07749
860	0.07112
861	0.07223
862	0.07504
863	0.08513
864	0.0828
865	0.07951
866	0.07911
867	0.08509
868	0.07989
869	0.09606
870	0.08591
871	0.09212
872	0.07807
873	0.06986
874	0.08675
875	0.08985
876	0.08986
877	0.06884
878	0.08484
879	0.08454
880	0.07948
881	0.07946
882	0.08255
883	0.08695
884	0.09259
885	0.08766
886	0.07623
887	0.07748
888	0.09042
889	0.0734
890	0.08257
891	0.09312
892	0.07624
893	0.07375
894	0.07288
895	0.08501
896	0.09024
897	0.07481
898	0.07488
899	0.08139
900	0.08271
901	0.09895
902	0.08264
903	0.08853
904	0.07727
905	0.07849
906	0.06513
907	0.08665
908	0.08616
909	0.06894
910	0.08064
911	0.08214
912	0.08758
913	0.08763
914	0.07885
915	0.08543
916	0.08845
917	0.08791
918	0.08566
919	0.08779
920	0.08153
921	0.09795
922	0.07803
923	0.09921
924	0.08297
925	0.0799
926	0.1018
927	0.08908
928	0.07519
929	0.08253
930	0.07361
931	0.08421
932	0.08276
933	0.0727
934	0.09522
935	0.07661
936	0.06788
937	0.08856
938	0.08807
939	0.09192
940	0.07125
941	0.09325
942	0.08135
943	0.07465
944	0.06767
945	0.08543
946	0.0849
947	0.09238
948	0.07366
949	0.08782
950	0.09258
951	0.07691
952	0.08082
953	0.08277
954	0.08604
955	0.08675
956	0.07333
957	0.07021
958	0.09768
959	0.07907
960	0.08412
961	0.07606
962	0.08992
963	0.09435
964	0.07359
965	0.09317
966	0.09716
967	0.09352
968	0.07568
969	0.07917
970	0.06773
971	0.09741
972	0.08984
973	0.09629
974	0.07628
975	0.06833
976	0.07191
977	0.0765
978	0.08203
979	0.08143
980	0.07569
981	0.06398
982	0.0714
983	0.07996
984	0.08313
985	0.08805
986	0.07691
987	0.0752
988	0.08697
989	0.07873
990	0.08505
991	0.09126
992	0.08204
993	0.07763
994	0.09019
995	0.06928
996	0.06712
997	0.09065
998	0.0763
999	0.08064
1000	0.08217
1001	0.07775
1002	0.08835
1003	0.07624
1004	0.07724
1005	0.0834
1006	0.08763
1007	0.09419
1008	0.09038
1009	0.07522
1010	0.08247
1011	0.08854
1012	0.07746
1013	0.07731
1014	0.07917
1015	0.07993
1016	0.08883
1017	0.08921
1018	0.0961
1019	0.08634
1020	0.09545
1021	0.0872
1022	0.082
1023	0.08037
1024	0.07934
1025	0.08724
1026	0.08418
1027	0.07847
1028	0.0821
1029	0.08497
1030	0.07938
1031	0.07875
1032	0.08694
1033	0.08721
1034	0.08119
1035	0.06919
1036	0.08761
1037	0.07573
1038	0.0788
1039	0.08256
1040	0.08106
1041	0.0823
1042	0.08588
1043	0.07796
1044	0.07936
1045	0.07925
1046	0.08568
1047	0.08676
1048	0.07957
1049	0.07927
1050	0.08298
1051	0.08146
1052	0.08053
1053	0.08374
1054	0.07835
1055	0.07829
1056	0.07165
1057	0.0817
1058	0.08071
1059	0.08251
1060	0.08315
1061	0.0795
1062	0.09694
1063	0.07314
1064	0.09868
1065	0.0754
1066	0.07377
1067	0.07558
1068	0.08081
1069	0.08771
1070	0.08115
1071	0.08279
1072	0.07581
1073	0.08891
1074	0.08433
1075	0.07407
1076	0.08919
1077	0.08857
1078	0.07932
1079	0.07868
1080	0.09032
1081	0.09104
1082	0.07952
1083	0.08307
1084	0.093
1085	0.07943
1086	0.08129
1087	0.07983
1088	0.09136
1089	0.08813
1090	0.09853
1091	0.08124
1092	0.08071
1093	0.0867
1094	0.07993
1095	0.08651
1096	0.08882
1097	0.08074
1098	0.07946
1099	0.085
1100	0.08088
1101	0.07884
1102	0.09371
1103	0.08207
1104	0.09749
1105	0.07458
1106	0.09295
1107	0.08781
1108	0.0894
1109	0.06744
1110	0.09472
1111	0.08577
1112	0.08802
1113	0.08065
1114	0.07713
1115	0.07893
1116	0.08821
1117	0.07401
1118	0.09169
1119	0.07728
1120	0.08505
1121	0.08084
1122	0.0791
1123	0.08628
1124	0.0998
1125	0.08006
1126	0.0899
1127	0.08632
1128	0.08895
1129	0.07325
1130	0.09252
1131	0.08249
1132	0.08285
1133	0.07898
1134	0.06915
1135	0.07689
1136	0.07916
1137	0.08199
1138	0.08541
1139	0.08407
1140	0.08233
1141	0.07429
1142	0.08109
1143	0.07426
1144	0.07536
1145	0.07373
1146	0.06932
1147	0.07508
1148	0.08417
1149	0.07082
1150	0.08199
1151	0.09306
1152	0.08976
1153	0.06775
1154	0.07283
1155	0.09529
1156	0.08912
1157	0.07649
1158	0.07639
1159	0.0864
1160	0.09526
1161	0.09591
1162	0.09018
1163	0.07356
1164	0.07474
1165	0.08701
1166	0.08377
1167	0.09201
1168	0.09003
1169	0.07023
1170	0.07657
1171	0.07561
1172	0.08253
1173	0.09236
1174	0.08024
1175	0.08152
1176	0.09018
1177	0.07805
1178	0.08567
1179	0.07224
1180	0.09138
1181	0.0918
1182	0.06801
1183	0.08341
1184	0.07066
1185	0.09341
1186	0.07998
1187	0.06672
1188	0.08506
1189	0.08616
1190	0.07351
1191	0.08223
1192	0.08893
1193	0.08323
1194	0.09081
1195	0.08695
1196	0.07986
1197	0.09125
1198	0.09216
1199	0.08076
1200	0.08962
1201	0.08754
1202	0.08208
1203	0.07514
1204	0.07832
1205	0.07176
1206	0.08385
1207	0.08286
1208	0.07761
1209	0.08195
1210	0.07748
1211	0.07921
1212	0.0897
1213	0.0775
1214	0.09006
1215	0.09987
1216	0.08711
1217	0.08155
1218	0.07234
1219	0.0839
1220	0.1029
1221	0.08494
1222	0.08163
1223	0.08286
1224	0.07232
1225	0.07248
1226	0.09367
1227	0.07501
1228	0.08579
1229	0.09141
1230	0.08653
1231	0.08271
1232	0.07491
1233	0.08256
1234	0.09344
1235	0.07501
1236	0.07688
1237	0.07889
1238	0.07877
1239	0.07316
1240	0.07802
1241	0.07363
1242	0.074
1243	0.08141
1244	0.07721
1245	0.07607
1246	0.08056
1247	0.08181
1248	0.08042
1249	0.08659
1250	0.0809
1251	0.08816
1252	0.07825
1253	0.08554
1254	0.06844
1255	0.08929
1256	0.1075
1257	0.07898
1258	0.0928
1259	0.08684
1260	0.07781
1261	0.08178
1262	0.09051
1263	0.08897
1264	0.07957
1265	0.08242
1266	0.08123
1267	0.07849
1268	0.07993
1269	0.09024
1270	0.08167
1271	0.07876
1272	0.08472
1273	0.0846
1274	0.08201
1275	0.07652
1276	0.09226
1277	0.06988
1278	0.08794
1279	0.08763
1280	0.08988
1281	0.08225
1282	0.08897
1283	0.08375
1284	0.08182
1285	0.08851
1286	0.0864
1287	0.076
1288	0.07408
1289	0.07273
1290	0.08006
1291	0.08308
1292	0.07271
1293	0.07894
1294	0.08083
1295	0.07832
1296	0.08369
1297	0.07302
1298	0.07599
1299	0.07878
1300	0.07759
1301	0.08556
1302	0.07511
1303	0.07855
1304	0.08338
1305	0.07898
1306	0.07458
1307	0.07653
1308	0.07228
1309	0.07051
1310	0.076
1311	0.08833
1312	0.08011
1313	0.08506
1314	0.09439
1315	0.09068
1316	0.08222
1317	0.09445
1318	0.065
1319	0.07678
1320	0.07821
1321	0.07453
1322	0.09661
1323	0.08139
1324	0.07875
1325	0.07934
1326	0.08016
1327	0.08438
1328	0.07389
1329	0.07637
1330	0.08403
1331	0.07918
1332	0.08019
1333	0.082
1334	0.0785
1335	0.08395
1336	0.09427
1337	0.08498
1338	0.07314
1339	0.09026
1340	0.07814
1341	0.08694
1342	0.08416
1343	0.08566
1344	0.08983
1345	0.06782
1346	0.07823
1347	0.07684
1348	0.08203
1349	0.08351
1350	0.05946
1351	0.08246
1352	0.08743
1353	0.07386
1354	0.07498
1355	0.08711
1356	0.08233
1357	0.09379
1358	0.07673
1359	0.07131
1360	0.08571
1361	0.08425
1362	0.06593
1363	0.08984
1364	0.07187
1365	0.06781
1366	0.07232
1367	0.08725
1368	0.08383
1369	0.07546
1370	0.08666
1371	0.08643
1372	0.08174
1373	0.08512
1374	0.08646
1375	0.08142
1376	0.07769
1377	0.08123
1378	0.09568
1379	0.07379
1380	0.08071
1381	0.0826
1382	0.08286
1383	0.09212
1384	0.07057
1385	0.0759
1386	0.08437
1387	0.0832
1388	0.09595
1389	0.09023
1390	0.08734
1391	0.09271
1392	0.08452
1393	0.0826
1394	0.08941
1395	0.09173
1396	0.08992
1397	0.09391
1398	0.08606
1399	0.08494
1400	0.08677
1401	0.09126
1402	0.0777
1403	0.09762
1404	0.08744
1405	0.08972
1406	0.08505
1407	0.08847
1408	0.08496
1409	0.08302
1410	0.08308
1411	0.08378
1412	0.08401
1413	0.08695
1414	0.07556
1415	0.07325
1416	0.08352
1417	0.06703
1418	0.07399
1419	0.08752
1420	0.08533
1421	0.08884
1422	0.1001
1423	0.07803
1424	0.08407
1425	0.07418
1426	0.08618
1427	0.09438
1428	0.08299
1429	0.08877
1430	0.1009
1431	0.07636
1432	0.07851
1433	0.0789
1434	0.09061
1435	0.07464
1436	0.08082
1437	0.07472
1438	0.07459
1439	0.08638
1440	0.08722
1441	0.08104
1442	0.08279
1443	0.1038
1444	0.08627
1445	0.07995
1446	0.08592
1447	0.08551
1448	0.09758
1449	0.0796
1450	0.07097
1451	0.08994
1452	0.09298
1453	0.08321
1454	0.07649
1455	0.08642
1456	0.06088
1457	0.0874
1458	0.0975
1459	0.07696
1460	0.09094
1461	0.09052
1462	0.08023
1463	0.09049
1464	0.07459
1465	0.07227
1466	0.07303
1467	0.08823
1468	0.07574
1469	0.07715
1470	0.08675
1471	0.08103
1472	0.08388
1473	0.07293
1474	0.08015
1475	0.08228
1476	0.0792
1477	0.07718
1478	0.07805
1479	0.08658
1480	0.07017
1481	0.09183
1482	0.08379
1483	0.08213
1484	0.07591
1485	0.09763
1486	0.08688
1487	0.08589
1488	0.07544
1489	0.07935
1490	0.07226
1491	0.08325
1492	0.06219
1493	0.0882
1494	0.07316
1495	0.07872
1496	0.08571
1497	0.07989
1498	0.08816
1499	0.08303
1500	0.09177
