Day Month Year Intel NASDAQ  IntelLR NASDAQLR     
03 Jan 00   87.00   3790.55   NA          NA
04 Jan 00   82.94   3546.20   -0.047791   -0.066635
05 Jan 00   83.62   3507.31   0.008165    -0.011027
06 Jan 00   78.75   3340.81   -0.060004   -0.048636
07 Jan 00   82.00   3529.60   0.040441    0.054971
10 Jan 00   85.75   3717.41   0.044717    0.051843
11 Jan 00   89.69   3544.35   0.044923    -0.047672
12 Jan 00   91.25   3478.14   0.017244    -0.018857
13 Jan 00   91.06   3612.08   -0.002084   0.037786
14 Jan 00   103.06  3704.74   0.123793    0.025329
18 Jan 00   102.12  3757.78   -0.009163   0.014215
19 Jan 00   100.06  3790.89   -0.020379   0.008772
20 Jan 00   95.62   3841.74   -0.045388   0.013325
21 Jan 00   97.94   3849.96   0.023973    0.002137
24 Jan 00   98.81   3660.96   0.008844    -0.050337
25 Jan 00   101.56  3759.11   0.027451    0.026457
26 Jan 00   96.50   3621.21   -0.051107   -0.037374
27 Jan 00   98.12   3593.15   0.016648    -0.007779
28 Jan 00   94.00   3446.13   -0.042896   -0.041777
31 Jan 00   98.94   3570.05   0.051219    0.035328
01 Feb 00   101.44  3701.78   0.024954    0.036234
02 Feb 00   100.06  3724.46   -0.013697   0.006108
03 Feb 00   104.19  3851.16   0.040446    0.033453
04 Feb 00   104.75  3874.37   0.005360    0.006009
07 Feb 00   107.94  3933.34   0.029999    0.015106
08 Feb 00   108.81  4062.77   0.008028    0.032376
09 Feb 00   104.62  3968.46   -0.039269   -0.023487
10 Feb 00   107.62  4090.00   0.028272    0.030167
11 Feb 00   105.87  3968.89   -0.016395   -0.030059
14 Feb 00   109.87  3986.13   0.037086    0.004334
15 Feb 00   112.00  3997.03   0.019201    0.002731
16 Feb 00   107.19  3997.97   -0.043896   0.000235
17 Feb 00   110.00  4125.38   0.025877    0.031371
18 Feb 00   105.37  3965.75   -0.043002   -0.039463
22 Feb 00   106.75  3969.13   0.013012    0.000852
23 Feb 00   109.06  4170.09   0.021409    0.049391
24 Feb 00   114.25  4253.05   0.046491    0.019699
25 Feb 00   113.25  4178.58   -0.008791   -0.017665
28 Feb 00   112.37  4162.13   -0.007801   -0.003945
29 Feb 00   113.00  4266.94   0.005591    0.024870
01 Mar 00   115.87  4309.01   0.025081    0.009811
02 Mar 00   115.75  4234.26   -0.001036   -0.017500
03 Mar 00   119.25  4442.87   0.029789    0.048092
06 Mar 00   117.37  4457.18   -0.015891   0.003216
07 Mar 00   115.75  4390.83   -0.013899   -0.014998
08 Mar 00   114.94  4445.68   -0.007022   0.012415
09 Mar 00   118.37  4586.26   0.029405    0.031132
10 Mar 00   120.19  4587.16   0.015259    0.000196
13 Mar 00   122.12  4426.80   0.015930    -0.035584
14 Mar 00   117.87  4226.99   -0.035422   -0.046187
15 Mar 00   120.19  4130.01   0.019492    -0.023210
16 Mar 00   125.06  4353.33   0.039720    0.052661
17 Mar 00   129.88  4440.45   0.037817    0.019815
20 Mar 00   135.00  4261.15   0.038664    -0.041217
21 Mar 00   138.44  4449.33   0.025162    0.043214
22 Mar 00   144.06  4596.81   0.039793    0.032609
23 Mar 00   142.63  4660.62   -0.009976   0.013786
24 Mar 00   139.06  4691.61   -0.025348   0.006627
27 Mar 00   142.69  4704.73   0.025769    0.002793
28 Mar 00   135.69  4583.39   -0.050302   -0.026129
29 Mar 00   131.88  4413.92   -0.028480   -0.037676
30 Mar 00   127.00  4250.19   -0.037705   -0.037799
31 Mar 00   131.94  4397.84   0.038160    0.034150
03 Apr 00   130.63  4077.02   -0.009978   -0.075747
04 Apr 00   132.75  4034.17   0.016099    -0.010566
05 Apr 00   129.88  4030.26   -0.021857   -0.000970
06 Apr 00   129.81  4086.73   -0.000539   0.013914
07 Apr 00   136.81  4291.53   0.052521    0.048898
10 Apr 00   131.13  3998.26   -0.042404   -0.070784
11 Apr 00   130.75  3909.21   -0.002902   -0.022524
12 Apr 00   121.87  3633.63   -0.070332   -0.073103
13 Apr 00   121.12  3553.81   -0.006173   -0.022212
14 Apr 00   110.50  3207.96   -0.091766   -0.102385
17 Apr 00   123.00  3529.45   0.107169    0.095507
18 Apr 00   129.00  3715.81   0.047628    0.051455
19 Apr 00   119.06  3583.07   -0.080185   -0.036377
20 Apr 00   115.37  3505.29   -0.031483   -0.021947
24 Apr 00   116.12  3353.53   0.006480    -0.044260
25 Apr 00   125.00  3621.56   0.073690    0.076891
26 Apr 00   120.81  3505.71   -0.034095   -0.032512
27 Apr 00   125.31  3692.57   0.036572    0.051930
28 Apr 00   126.81  3773.18   0.011899    0.021595
01 May 00   127.12  3829.84   0.002442    0.014905
02 May 00   121.19  3627.31   -0.047772   -0.054332
03 May 00   119.06  3562.16   -0.017732   -0.018124
04 May 00   119.56  3570.73   0.004191    0.002403
05 May 00   123.37  3688.36   0.031370    0.032412
08 May 00   117.62  3521.60   -0.047729   -0.046266
09 May 00   116.94  3445.26   -0.005798   -0.021916
10 May 00   106.06  3244.73   -0.097656   -0.059967
11 May 00   115.56  3381.57   0.085785    0.041308
12 May 00   115.00  3406.25   -0.004858   0.007272
15 May 00   118.12  3512.11   0.026769    0.030605
16 May 00   121.87  3646.89   0.031254    0.037658
17 May 00   123.19  3550.50   0.010773    -0.026786
18 May 00   123.94  3426.35   0.006070    -0.035593
19 May 00   117.87  3260.64   -0.050215   -0.049572
22 May 00   118.37  3264.71   0.004233    0.001247
23 May 00   109.87  3023.42   -0.074517   -0.076782
24 May 00   117.37  3180.31   0.066033    0.050590
25 May 00   115.19  3099.28   -0.018748   -0.025809
26 May 00   117.56  3101.44   0.020366    0.000697
30 May 00   125.75  3414.03   0.067347    0.096027
31 May 00   124.69  3324.08   -0.008465   -0.026700
01 Jun 00   129.69  3518.98   0.039316    0.056978
02 Jun 00   134.19  3755.67   0.034110    0.065096
05 Jun 00   132.56  3730.31   -0.012221   -0.006775
06 Jun 00   129.56  3646.32   -0.022891   -0.022773
07 Jun 00   128.94  3736.01   -0.004797   0.024300
08 Jun 00   126.19  3707.31   -0.021558   -0.007712
09 Jun 00   127.06  3760.26   0.006871    0.014182
12 Jun 00   125.06  3638.42   -0.015866   -0.032939
13 Jun 00   131.50  3765.81   0.050213    0.034413
14 Jun 00   126.44  3677.49   -0.039239   -0.023733
15 Jun 00   128.25  3752.01   0.014214    0.020061
16 Jun 00   126.06  3787.36   -0.017223   0.009378
19 Jun 00   136.50  3933.70   0.079567    0.037911
20 Jun 00   138.31  3933.83   0.013173    0.000033
21 Jun 00   139.00  3970.00   0.004976    0.009153
22 Jun 00   134.06  3804.11   -0.036186   -0.042684
23 Jun 00   134.38  3685.30   0.002384    -0.031730
26 Jun 00   134.19  3771.45   -0.001415   0.023108
27 Jun 00   131.38  3699.00   -0.021163   -0.019397
28 Jun 00   132.38  3771.06   0.007583    0.019294
29 Jun 00   131.75  3665.83   -0.004770   -0.028301
30 Jun 00   133.69  3763.79   0.014617    0.026372
03 Jul 00   136.88  3804.78   0.023581    0.010832
05 Jul 00   131.63  3649.80   -0.039110   -0.041586
06 Jul 00   136.63  3793.48   0.037282    0.038611
07 Jul 00   139.31  3841.27   0.019425    0.012519
10 Jul 00   137.81  3772.20   -0.010826   -0.018145
11 Jul 00   138.81  3744.53   0.007230    -0.007362
12 Jul 00   141.19  3901.12   0.017000    0.040968
13 Jul 00   143.19  3956.67   0.014066    0.014139
14 Jul 00   146.69  4041.15   0.024149    0.021127
17 Jul 00   146.31  4061.88   -0.002594   0.005117
18 Jul 00   143.00  3960.96   -0.022883   -0.025160
19 Jul 00   138.13  3843.98   -0.034649   -0.029978
20 Jul 00   142.69  3995.46   0.032479    0.038650
21 Jul 00   138.19  3908.75   -0.032045   -0.021941
24 Jul 00   138.00  3790.62   -0.001376   -0.030688
25 Jul 00   140.88  3865.39   0.020655    0.019533
26 Jul 00   139.00  3818.31   -0.013435   -0.012255
27 Jul 00   137.00  3681.63   -0.014493   -0.036452
28 Jul 00   129.13  3477.31   -0.059161   -0.057097
31 Jul 00   66.75   3609.35   -0.659865   0.037269
01 Aug 00   64.62   3521.15   -0.032430   -0.024740
02 Aug 00   63.31   3490.34   -0.020481   -0.008788
03 Aug 00   65.06   3623.50   0.027267    0.037441
04 Aug 00   62.56   3618.63   -0.039184   -0.001345
07 Aug 00   62.94   3710.39   0.006056    0.025041
08 Aug 00   61.63   3686.37   -0.021033   -0.006495
09 Aug 00   63.56   3693.04   0.030836    0.001808
10 Aug 00   62.00   3595.19   -0.024850   -0.026853
11 Aug 00   63.81   3644.61   0.028776    0.013653
14 Aug 00   66.94   3719.61   0.047887    0.020369
15 Aug 00   67.87   3722.62   0.013797    0.000809
16 Aug 00   68.06   3721.25   0.002796    -0.000368
17 Aug 00   70.06   3830.59   0.028962    0.028959
18 Aug 00   70.56   3807.51   0.007111    -0.006043
21 Aug 00   72.06   3827.62   0.021036    0.005268
22 Aug 00   72.12   3827.89   0.000832    0.000071
23 Aug 00   74.62   3896.92   0.034077    0.017873
24 Aug 00   74.25   3949.57   -0.004971   0.013420
25 Aug 00   72.94   3931.25   -0.017801   -0.004649
28 Aug 00   73.87   3954.24   0.012670    0.005831
29 Aug 00   74.06   3951.94   0.002569    -0.000582
30 Aug 00   73.50   3968.73   -0.007590   0.004240
31 Aug 00   74.87   4077.59   0.018468    0.027060
01 Sep 00   73.94   4099.30   -0.012499   0.005310
05 Sep 00   69.25   3987.03   -0.065531   -0.027770
06 Sep 00   65.70   3837.62   -0.052624   -0.038194
07 Sep 00   67.44   3953.36   0.026139    0.029713
08 Sep 00   65.37   3813.44   -0.031175   -0.036034
11 Sep 00   64.69   3706.74   -0.010457   -0.028379
12 Sep 00   64.94   3666.87   0.003857    -0.010814
13 Sep 00   61.25   3741.75   -0.058500   0.020215
14 Sep 00   59.63   3737.42   -0.026805   -0.001158
15 Sep 00   57.52   3676.33   -0.036026   -0.016481
18 Sep 00   55.81   3585.52   -0.030180   -0.025011
19 Sep 00   60.38   3756.40   0.078705    0.046558
20 Sep 00   63.06   3790.45   0.043429    0.009024
21 Sep 00   61.48   3718.15   -0.025375   -0.019259
22 Sep 00   47.94   3701.18   -0.248762   -0.004575
25 Sep 00   45.38   3622.10   -0.054879   -0.021598
26 Sep 00   43.31   3582.59   -0.046688   -0.010968
27 Sep 00   43.88   3571.90   0.013075    -0.002988
28 Sep 00   44.44   3725.15   0.012681    0.042009
29 Sep 00   41.56   3570.61   -0.067002   -0.042371
02 Oct 00   40.13   3457.97   -0.035014   -0.032055
03 Oct 00   40.31   3353.34   0.004475    -0.030725
04 Oct 00   42.00   3453.36   0.041070    0.029391
05 Oct 00   41.00   3424.32   -0.024098   -0.008445
06 Oct 00   39.94   3311.94   -0.026194   -0.033369
09 Oct 00   39.06   3318.90   -0.022279   0.002099
10 Oct 00   37.56   3188.29   -0.039159   -0.040149
11 Oct 00   35.38   3100.53   -0.059793   -0.027912
12 Oct 00   37.13   3004.45   0.048279    -0.031479
13 Oct 00   40.38   3277.77   0.083909    0.087069
16 Oct 00   35.69   3249.46   -0.123464   -0.008674
17 Oct 00   36.19   3172.19   0.013912    -0.024067
18 Oct 00   38.19   3139.31   0.053791    -0.010419
19 Oct 00   41.94   3402.95   0.093666    0.080640
20 Oct 00   43.06   3456.61   0.026354    0.015646
23 Oct 00   43.31   3422.00   0.005789    -0.010063
24 Oct 00   42.00   3353.26   -0.030714   -0.020292
25 Oct 00   41.31   3107.61   -0.016565   -0.076079
26 Oct 00   44.69   3167.14   0.078645    0.018975
27 Oct 00   46.38   3175.25   0.037119    0.002557
30 Oct 00   45.00   3081.07   -0.030206   -0.030109
31 Oct 00   45.00   3282.30   0.000000    0.063267
01 Nov 00   44.88   3225.27   -0.002670   -0.017528
02 Nov 00   46.69   3308.48   0.039538    0.025472
03 Nov 00   45.94   3321.91   -0.016194   0.004051
06 Nov 00   46.56   3290.47   0.013406    -0.009510
07 Nov 00   46.19   3279.57   -0.007978   -0.003318
08 Nov 00   42.69   3059.09   -0.078799   -0.069595
09 Nov 00   41.38   3057.06   -0.031167   -0.000664
10 Nov 00   37.00   2890.26   -0.111880   -0.056107
13 Nov 00   38.19   2836.62   0.031656    -0.018733
14 Nov 00   40.94   3039.50   0.069534    0.069080
15 Nov 00   41.50   3076.70   0.013586    0.012165
16 Nov 00   40.00   2925.16   -0.036814   -0.050508
17 Nov 00   41.50   2934.81   0.036814    0.003294
20 Nov 00   41.13   2792.41   -0.008956   -0.049738
21 Nov 00   42.63   2786.53   0.035820    -0.002108
22 Nov 00   41.19   2668.25   -0.034363   -0.043374
24 Nov 00   43.94   2830.09   0.064630    0.058886
27 Nov 00   43.94   2769.32   0.000000    -0.021707
28 Nov 00   42.03   2621.11   -0.044441   -0.055004
29 Nov 00   42.75   2602.85   0.016986    -0.006991
30 Nov 00   38.06   2506.54   -0.116205   -0.037704
01 Dec 00   34.13   2549.74   -0.108987   0.017088
04 Dec 00   32.94   2554.40   -0.035489   0.001826
05 Dec 00   36.00   2852.87   0.088831    0.110508
06 Dec 00   31.75   2743.70   -0.125626   -0.039018
07 Dec 00   32.31   2719.91   0.017484    -0.008709
08 Dec 00   34.00   2895.39   0.050984    0.062521
11 Dec 00   37.44   2972.91   0.096379    0.026421
12 Dec 00   36.50   2863.21   -0.025427   -0.037598
13 Dec 00   35.50   2748.88   -0.027780   -0.040750
14 Dec 00   35.13   2639.26   -0.010477   -0.040695
15 Dec 00   32.44   2543.09   -0.079663   -0.037119
18 Dec 00   33.25   2543.09   0.024663    0.000000
19 Dec 00   33.44   2399.63   0.005698    -0.058065
20 Dec 00   31.94   2210.32   -0.045894   -0.082177
21 Dec 00   33.13   2224.84   0.036580    0.006548
22 Dec 00   32.94   2436.26   -0.005751   0.090779
26 Dec 00   32.88   2404.60   -0.001823   -0.013081
27 Dec 00   32.56   2460.21   -0.009780   0.022863
28 Dec 00   30.94   2464.62   -0.051035   0.001791
29 Dec 00   30.06   2341.70   -0.028854   -0.051160
02 Jan 01   31.06   2128.78   0.032725    -0.095328
03 Jan 01   34.23   2528.38   0.097182    0.172030
04 Jan 01   33.80   2460.04   -0.012642   -0.027401
05 Jan 01   32.06   2267.85   -0.052852   -0.081345
08 Jan 01   31.94   2281.54   -0.003750   0.006018
09 Jan 01   32.25   2311.40   0.009659    0.013003
10 Jan 01   33.00   2413.71   0.022990    0.043312
11 Jan 01   33.38   2524.29   0.011449    0.044795
12 Jan 01   32.13   2506.05   -0.038167   -0.007252
16 Jan 01   31.37   2470.72   -0.023938   -0.014198
17 Jan 01   30.50   2558.67   -0.028125   0.034978
18 Jan 01   32.19   2670.47   0.053929    0.042767
19 Jan 01   33.56   2655.77   0.041679    -0.005520
22 Jan 01   33.38   2643.13   -0.005378   -0.004771
23 Jan 01   35.38   2730.05   0.058190    0.032356
24 Jan 01   36.25   2726.45   0.024293    -0.001320
25 Jan 01   34.50   2595.85   -0.049480   -0.049086
26 Jan 01   35.88   2631.78   0.039221    0.013746
29 Jan 01   37.06   2694.53   0.032358    0.023563
30 Jan 01   37.00   2686.14   -0.001620   -0.003119
31 Jan 01   37.00   2593.00   0.000000    -0.035290
01 Feb 01   37.81   2607.16   0.021656    0.005446
02 Feb 01   35.69   2472.18   -0.057703   -0.053161
05 Feb 01   34.69   2467.30   -0.028419   -0.001976
06 Feb 01   35.44   2473.24   0.021390    0.002405
07 Feb 01   34.94   2409.66   -0.014209   -0.026043
08 Feb 01   34.63   2355.67   -0.008912   -0.022660
09 Feb 01   33.50   2261.77   -0.033175   -0.040677
12 Feb 01   34.56   2286.76   0.031152    0.010988
13 Feb 01   32.44   2208.40   -0.063305   -0.034868
14 Feb 01   34.13   2305.82   0.050785    0.043168
15 Feb 01   35.81   2371.04   0.048050    0.027892
16 Feb 01   34.38   2212.51   -0.040752   -0.069201
20 Feb 01   31.44   2095.11   -0.089394   -0.054522
21 Feb 01   30.75   2058.54   -0.022191   -0.017609
22 Feb 01   30.00   2032.42   -0.024693   -0.012770
23 Feb 01   29.94   2056.06   -0.002002   0.011564
26 Feb 01   29.50   2097.64   -0.014805   0.020021
27 Feb 01   29.00   1964.52   -0.017094   -0.065565
28 Feb 01   28.56   1908.32   -0.015289   -0.029025
01 Mar 01   29.12   1968.02   0.019418    0.030805
02 Mar 01   29.31   1881.34   0.006504    -0.045044
05 Mar 01   30.37   1916.68   0.035527    0.018610
06 Mar 01   31.50   1976.31   0.036532    0.030637
07 Mar 01   32.94   1996.23   0.044700    0.010029
08 Mar 01   33.25   1938.15   0.009367    -0.029526
09 Mar 01   29.44   1813.02   -0.121700   -0.066740
12 Mar 01   27.75   1680.64   -0.059118   -0.075819
13 Mar 01   29.37   1789.70   0.056738    0.062873
14 Mar 01   29.06   1745.13   -0.010611   -0.025219
15 Mar 01   28.50   1697.92   -0.019459   -0.027425
16 Mar 01   27.87   1647.51   -0.022353   -0.030139
19 Mar 01   27.06   1730.46   -0.029494   0.049122
20 Mar 01   24.62   1614.47   -0.094498   -0.069381
21 Mar 01   25.56   1605.04   0.037470    -0.005858
22 Mar 01   28.69   1701.90   0.115520    0.058597
23 Mar 01   28.81   1705.02   0.004174    0.001832
26 Mar 01   28.31   1676.90   -0.017507   -0.016630
27 Mar 01   29.37   1735.63   0.036759    0.034424
28 Mar 01   26.94   1602.22   -0.086362   -0.079980
29 Mar 01   26.56   1563.14   -0.014206   -0.024694
30 Mar 01   26.31   1573.25   -0.009457   0.006447
02 Apr 01   25.80   1516.58   -0.019575   -0.036686
03 Apr 01   25.00   1399.05   -0.031499   -0.080664
04 Apr 01   22.62   1370.75   -0.100041   -0.020435
05 Apr 01   25.62   1519.05   0.124539    0.102727
06 Apr 01   23.62   1448.16   -0.081279   -0.047791
09 Apr 01   23.20   1481.22   -0.017942   0.022572
10 Apr 01   24.77   1597.87   0.065481    0.075805
11 Apr 01   27.52   1647.36   0.105280    0.030503
12 Apr 01   28.12   1714.29   0.021568    0.039825
16 Apr 01   26.30   1650.21   -0.066912   -0.038096
17 Apr 01   26.04   1671.51   -0.009935   0.012825
18 Apr 01   31.28   1830.79   0.183345    0.091020
19 Apr 01   32.49   1953.28   0.037953    0.064762
20 Apr 01   32.43   1933.57   -0.001848   -0.010142
23 Apr 01   30.32   1811.89   -0.067276   -0.064998
24 Apr 01   29.14   1762.21   -0.039696   -0.027802
25 Apr 01   29.03   1814.33   -0.003782   0.029148
26 Apr 01   28.64   1763.33   -0.013525   -0.028512
27 Apr 01   30.18   1810.47   0.052375    0.026382
30 Apr 01   30.91   1855.15   0.023900    0.024379
01 May 01   31.18   1919.01   0.008697    0.033844
02 May 01   31.94   1962.42   0.024082    0.022369
03 May 01   30.40   1877.80   -0.049417   -0.044078
04 May 01   30.88   1924.12   0.015666    0.024368
07 May 01   31.16   1895.41   0.009026    -0.015034
08 May 01   31.48   1929.24   0.010217    0.017691
09 May 01   29.93   1876.60   -0.050491   -0.027665
10 May 01   29.01   1838.32   -0.031221   -0.020610
11 May 01   27.94   1821.20   -0.037581   -0.009356
14 May 01   27.41   1795.06   -0.019151   -0.014457
15 May 01   27.20   1797.08   -0.007691   0.001125
16 May 01   28.36   1899.47   0.041763    0.055412
17 May 01   28.60   1925.14   0.008427    0.013424
18 May 01   28.76   1927.69   0.005579    0.001324
21 May 01   29.90   2052.57   0.038873    0.062770
22 May 01   29.53   2042.93   -0.012452   -0.004708
23 May 01   28.80   1957.56   -0.025031   -0.042686
24 May 01   29.21   2003.37   0.014136    0.023132
25 May 01   29.10   1960.74   -0.003773   -0.021509
29 May 01   27.85   1873.53   -0.043905   -0.045498
30 May 01   26.60   1779.00   -0.045922   -0.051773
31 May 01   27.01   1799.89   0.015296    0.011674
01 Jun 01   28.74   1840.83   0.062083    0.022491
04 Jun 01   28.50   1838.84   -0.008386   -0.001082
05 Jun 01   29.73   1923.90   0.042253    0.045219
06 Jun 01   29.82   1903.84   0.003023    -0.010481
07 Jun 01   31.14   1963.31   0.043314    0.030759
08 Jun 01   30.67   1896.22   -0.015208   -0.034769
11 Jun 01   30.33   1846.50   -0.011148   -0.026570
12 Jun 01   30.13   1852.03   -0.006616   0.002990
13 Jun 01   29.06   1790.21   -0.036159   -0.033949
14 Jun 01   27.61   1711.39   -0.051185   -0.045027
15 Jun 01   27.68   1701.53   0.002532    -0.005778
18 Jun 01   27.55   1666.49   -0.004708   -0.020808
19 Jun 01   26.67   1675.90   -0.032463   0.005631
20 Jun 01   27.49   1721.56   0.030283    0.026881
21 Jun 01   27.27   1751.22   -0.008035   0.017082
22 Jun 01   27.51   1727.47   0.008762    -0.013655
25 Jun 01   28.58   1743.90   0.038158    0.009466
26 Jun 01   28.97   1751.62   0.013554    0.004417
27 Jun 01   28.65   1756.02   -0.011107   0.002509
28 Jun 01   29.64   1808.94   0.033971    0.029691
29 Jun 01   29.25   1830.19   -0.013245   0.011679
02 Jul 01   30.06   1830.19   0.027316    0.000000
03 Jul 01   30.46   1822.16   0.013219    -0.004397
05 Jul 01   29.84   1751.00   -0.020565   -0.039836
06 Jul 01   28.43   1668.59   -0.048405   -0.048208
09 Jul 01   28.90   1697.05   0.016397    0.016912
10 Jul 01   27.79   1624.95   -0.039165   -0.043414
11 Jul 01   28.06   1641.56   0.009669    0.010170
12 Jul 01   30.10   1750.13   0.070180    0.064043
13 Jul 01   30.19   1751.11   0.002986    0.000560
16 Jul 01   29.13   1685.74   -0.035742   -0.038045
17 Jul 01   29.90   1729.55   0.026090    0.025657
18 Jul 01   28.89   1666.87   -0.034363   -0.036914
19 Jul 01   29.96   1695.89   0.036368    0.017260
20 Jul 01   29.93   1676.46   -0.001002   -0.011523
23 Jul 01   29.00   1629.93   -0.031565   -0.028147
24 Jul 01   28.88   1604.86   -0.004147   -0.015501
25 Jul 01   29.42   1627.86   0.018525    0.014230
26 Jul 01   29.78   1673.39   0.012162    0.027585
27 Jul 01   29.22   1683.18   -0.018984   0.005833
30 Jul 01   29.04   1670.03   -0.006179   -0.007843
31 Jul 01   29.81   1683.61   0.026170    0.008099
01 Aug 01   30.75   1729.53   0.031046    0.026909
02 Aug 01   32.11   1751.45   0.043278    0.012594
03 Aug 01   31.68   1725.90   -0.013482   -0.014695
06 Aug 01   30.28   1702.84   -0.045198   -0.013451
07 Aug 01   30.62   1696.37   0.011166    -0.003807
08 Aug 01   29.61   1626.20   -0.033541   -0.042245
09 Aug 01   29.65   1628.92   0.001350    0.001671
10 Aug 01   29.95   1617.45   0.010067    -0.007066
13 Aug 01   30.56   1653.27   0.020163    0.021904
14 Aug 01   30.35   1629.95   -0.006895   -0.014206
15 Aug 01   29.78   1572.03   -0.018959   -0.036182
16 Aug 01   30.16   1581.98   0.012680    0.006309
17 Aug 01   28.07   1516.58   -0.071815   -0.042219
20 Aug 01   28.20   1535.99   0.004621    0.012717
21 Aug 01   27.07   1480.74   -0.040896   -0.036633
22 Aug 01   27.96   1515.41   0.032349    0.023144
23 Aug 01   27.67   1496.98   -0.010426   -0.012236
24 Aug 01   29.08   1579.62   0.049702    0.053735
27 Aug 01   29.15   1578.33   0.002404    -0.000817
28 Aug 01   28.51   1526.30   -0.022200   -0.033521
29 Aug 01   28.10   1499.76   -0.014485   -0.017541
30 Aug 01   27.13   1453.90   -0.035129   -0.031055
31 Aug 01   27.96   1469.70   0.030135    0.010809
04 Sep 01   26.85   1424.12   -0.040509   -0.031504
05 Sep 01   27.47   1415.30   0.022829    -0.006213
06 Sep 01   26.10   1361.69   -0.051159   -0.038615
07 Sep 01   25.89   1354.27   -0.008079   -0.005464
10 Sep 01   26.07   1365.39   0.006928    0.008178
17 Sep 01   23.59   1252.70   -0.099962   -0.086139
18 Sep 01   23.47   1224.64   -0.005100   -0.022654
19 Sep 01   22.28   1208.23   -0.052034   -0.013490
20 Sep 01   20.67   1166.27   -0.075006   -0.035346
21 Sep 01   19.30   1126.95   -0.068578   -0.034296
24 Sep 01   21.31   1191.02   0.099071    0.055295
25 Sep 01   21.68   1187.77   0.017214    -0.002732
26 Sep 01   20.90   1143.48   -0.036641   -0.038001
27 Sep 01   20.55   1144.27   -0.016888   0.000691
28 Sep 01   20.44   1168.37   -0.005367   0.020843
01 Oct 01   20.01   1151.24   -0.021262   -0.014770
02 Oct 01   19.54   1159.37   -0.023769   0.007037
03 Oct 01   21.23   1249.41   0.082952    0.074795
04 Oct 01   21.55   1260.66   0.014961    0.008964
05 Oct 01   21.96   1271.73   0.018847    0.008743
08 Oct 01   22.24   1279.63   0.012670    0.006193
09 Oct 01   21.45   1244.56   -0.036168   -0.027789
10 Oct 01   23.06   1304.68   0.072375    0.047176
11 Oct 01   24.51   1389.87   0.060982    0.063252
12 Oct 01   25.02   1393.84   0.020594    0.002852
15 Oct 01   24.38   1378.92   -0.025912   -0.010762
16 Oct 01   24.96   1404.81   0.023511    0.018601
17 Oct 01   24.57   1314.80   -0.015748   -0.066217
18 Oct 01   24.05   1330.33   -0.021391   0.011742
19 Oct 01   24.15   1347.59   0.004149    0.012891
22 Oct 01   25.30   1383.07   0.046520    0.025988
23 Oct 01   25.00   1384.06   -0.011929   0.000716
24 Oct 01   25.48   1424.69   0.019018    0.028933
25 Oct 01   26.10   1479.05   0.024041    0.037446
26 Oct 01   25.86   1454.90   -0.009238   -0.016463
29 Oct 01   24.18   1374.58   -0.067172   -0.056789
30 Oct 01   23.54   1342.26   -0.026825   -0.023793
31 Oct 01   24.42   1364.78   0.036701    0.016638
01 Nov 01   25.94   1424.15   0.060384    0.042582
02 Nov 01   26.30   1425.78   0.013783    0.001144
05 Nov 01   26.96   1480.21   0.024785    0.037465
06 Nov 01   28.25   1523.09   0.046739    0.028557
07 Nov 01   28.29   1524.67   0.001415    0.001037
08 Nov 01   28.28   1510.60   -0.000354   -0.009271
09 Nov 01   27.88   1514.96   -0.014245   0.002882
12 Nov 01   28.38   1528.75   0.017775    0.009061
13 Nov 01   30.05   1580.76   0.057178    0.033455
14 Nov 01   31.32   1585.89   0.041394    0.003240
15 Nov 01   30.78   1582.58   -0.017392   -0.002089
16 Nov 01   30.63   1582.14   -0.004885   -0.000278
19 Nov 01   30.99   1617.58   0.011685    0.022153
20 Nov 01   29.95   1549.70   -0.034135   -0.042870
21 Nov 01   30.81   1552.01   0.028310    0.001490
23 Nov 01   31.06   1577.47   0.008082    0.016271
26 Nov 01   31.87   1619.65   0.025744    0.026388
27 Nov 01   32.31   1609.87   0.013712    -0.006057
28 Nov 01   31.76   1557.03   -0.017169   -0.033373
29 Nov 01   32.32   1599.30   0.017479    0.026786
30 Nov 01   32.66   1596.05   0.010465    -0.002034
03 Dec 01   32.04   1567.54   -0.019166   -0.018024
04 Dec 01   32.86   1634.27   0.025271    0.041689
05 Dec 01   34.61   1720.91   0.051887    0.051657
06 Dec 01   34.16   1717.97   -0.013087   -0.001710
07 Dec 01   33.24   1673.90   -0.027301   -0.025987
10 Dec 01   32.95   1645.36   -0.008763   -0.017197
11 Dec 01   33.19   1661.27   0.007257    0.009623
12 Dec 01   34.08   1669.95   0.026462    0.005211
13 Dec 01   32.57   1601.91   -0.045319   -0.041597
14 Dec 01   33.27   1605.67   0.021264    0.002344
17 Dec 01   33.97   1640.34   0.020822    0.021362
18 Dec 01   33.81   1657.68   -0.004721   0.010515
19 Dec 01   33.05   1628.69   -0.022735   -0.017643
20 Dec 01   31.98   1557.36   -0.032911   -0.044784
21 Dec 01   32.41   1578.27   0.013356    0.013337
24 Dec 01   32.02   1577.31   -0.012106   -0.000608
26 Dec 01   32.29   1590.84   0.008397    0.008541
27 Dec 01   32.67   1606.48   0.011700    0.009783
28 Dec 01   32.24   1621.13   -0.013249   0.009078
31 Dec 01   31.45   1577.05   -0.024809   -0.027567
02 Jan 02   33.00   1610.39   0.048109    0.020920
03 Jan 02   35.52   1666.66   0.073588    0.034345
04 Jan 02   35.79   1675.03   0.007573    0.005009
07 Jan 02   35.27   1649.83   -0.014636   -0.015159
08 Jan 02   35.58   1666.58   0.008751    0.010101
09 Jan 02   35.36   1653.76   -0.006202   -0.007722
10 Jan 02   34.65   1656.68   -0.020284   0.001764
11 Jan 02   34.55   1634.17   -0.002890   -0.013681
14 Jan 02   34.84   1603.76   0.008359    -0.018784
15 Jan 02   34.68   1612.46   -0.004603   0.005410
16 Jan 02   33.71   1558.98   -0.028369   -0.033729
17 Jan 02   34.53   1602.32   0.024034    0.027421
18 Jan 02   33.48   1548.22   -0.030880   -0.034347
22 Jan 02   31.70   1501.78   -0.054632   -0.030455
23 Jan 02   32.45   1549.21   0.023384    0.031094
24 Jan 02   33.20   1565.13   0.022849    0.010224
25 Jan 02   33.68   1558.26   0.014354    -0.004399
28 Jan 02   33.92   1564.86   0.007101    0.004227
29 Jan 02   32.68   1519.33   -0.037242   -0.029527
30 Jan 02   33.86   1538.94   0.035471    0.012824
31 Jan 02   35.04   1550.17   0.034256    0.007271
01 Feb 02   34.67   1528.15   -0.010616   -0.014307
04 Feb 02   33.98   1479.17   -0.020103   -0.032577
05 Feb 02   33.80   1462.86   -0.005311   -0.011088
06 Feb 02   32.92   1445.96   -0.026380   -0.011620
07 Feb 02   32.31   1413.86   -0.018704   -0.022450
08 Feb 02   32.52   1452.17   0.006479    0.026735
11 Feb 02   33.57   1477.64   0.031778    0.017387
12 Feb 02   32.97   1464.76   -0.018035   -0.008755
13 Feb 02   33.38   1486.75   0.012359    0.014901
14 Feb 02   33.34   1474.71   -0.001199   -0.008131
15 Feb 02   32.29   1436.70   -0.032000   -0.026113
19 Feb 02   31.34   1387.27   -0.029862   -0.035011
20 Feb 02   31.44   1408.26   0.003186    0.015017
21 Feb 02   29.48   1348.25   -0.064369   -0.043547
22 Feb 02   29.53   1356.16   0.001695    0.005850
25 Feb 02   31.02   1407.99   0.049225    0.037506
26 Feb 02   30.02   1401.19   -0.032768   -0.004841
27 Feb 02   29.89   1378.48   -0.004340   -0.016340
28 Feb 02   28.55   1359.22   -0.045867   -0.014070
01 Mar 02   30.98   1435.41   0.081685    0.054540
04 Mar 02   31.85   1494.70   0.027696    0.040475
05 Mar 02   32.70   1498.95   0.026338    0.002839
06 Mar 02   32.96   1519.95   0.007920    0.013913
07 Mar 02   32.98   1506.81   0.000607    -0.008683
08 Mar 02   34.17   1555.11   0.035447    0.031551
11 Mar 02   33.42   1553.80   -0.022194   -0.000843
12 Mar 02   32.99   1520.54   -0.012950   -0.021638
13 Mar 02   31.34   1486.27   -0.051309   -0.022796
14 Mar 02   30.97   1477.19   -0.011876   -0.006128
15 Mar 02   31.74   1495.41   0.024559    0.012259
18 Mar 02   31.62   1505.89   -0.003788   0.006984
19 Mar 02   31.72   1504.67   0.003158    -0.000810
20 Mar 02   30.53   1451.02   -0.038238   -0.036307
21 Mar 02   31.40   1488.97   0.028098    0.025818
22 Mar 02   30.59   1470.10   -0.026135   -0.012754
25 Mar 02   30.00   1427.60   -0.019476   -0.029336
26 Mar 02   30.77   1439.55   0.025343    0.008336
27 Mar 02   30.41   1436.51   -0.011769   -0.002114
28 Mar 02   30.41   1452.81   0.000000    0.011283
01 Apr 02   31.17   1478.52   0.024685    0.017542
02 Apr 02   30.03   1410.41   -0.037259   -0.047161
03 Apr 02   29.87   1394.21   -0.005342   -0.011552
04 Apr 02   30.59   1396.97   0.023819    0.001978
05 Apr 02   30.05   1376.72   -0.017810   -0.014602
08 Apr 02   29.93   1392.96   -0.004001   0.011727
09 Apr 02   28.46   1345.32   -0.050362   -0.034799
10 Apr 02   29.26   1363.29   0.027722    0.013269
11 Apr 02   28.94   1324.65   -0.010997   -0.028753
12 Apr 02   28.39   1351.85   -0.019188   0.020326
15 Apr 02   28.11   1355.09   -0.009912   0.002394
16 Apr 02   29.51   1413.93   0.048604    0.042505
17 Apr 02   30.64   1403.71   0.037577    -0.007254
18 Apr 02   30.45   1395.90   -0.006220   -0.005579
19 Apr 02   30.10   1385.01   -0.011561   -0.007832
22 Apr 02   30.06   1349.83   -0.001330   -0.025729
23 Apr 02   29.54   1322.81   -0.017450   -0.020220
24 Apr 02   28.91   1302.32   -0.021558   -0.015611
25 Apr 02   29.09   1302.32   0.006207    0.000000
26 Apr 02   28.12   1250.89   -0.033913   -0.040292
29 Apr 02   28.04   1246.75   -0.002849   -0.003315
30 Apr 02   28.61   1277.07   0.020124    0.024028
01 May 02   28.63   1267.44   0.000699    -0.007569
02 May 02   27.87   1225.37   -0.026904   -0.033756
03 May 02   26.56   1190.74   -0.048145   -0.028668
06 May 02   25.78   1161.16   -0.029807   -0.025155
07 May 02   26.15   1159.25   0.014250    -0.001646
08 May 02   28.98   1282.41   0.102757    0.100968
09 May 02   28.24   1240.41   -0.025867   -0.033299
10 May 02   27.01   1188.78   -0.044532   -0.042514
13 May 02   28.52   1241.54   0.054398    0.043425
14 May 02   30.15   1305.55   0.055579    0.050272
15 May 02   30.24   1311.05   0.002981    0.004204
16 May 02   30.77   1315.85   0.017375    0.003655
17 May 02   31.20   1325.80   0.013878    0.007533
20 May 02   30.19   1292.21   -0.032907   -0.025662
21 May 02   29.07   1255.91   -0.037804   -0.028494
22 May 02   29.59   1264.51   0.017730    0.006824
23 May 02   29.39   1286.77   -0.006782   0.017451
24 May 02   28.66   1253.03   -0.025152   -0.026571
28 May 02   28.35   1244.82   -0.010875   -0.006574
29 May 02   27.27   1218.68   -0.038840   -0.021223
30 May 02   27.42   1227.90   0.005485    0.007537
31 May 02   27.62   1208.34   0.007267    -0.016058
03 Jun 02   26.62   1159.15   -0.036877   -0.041561
04 Jun 02   27.50   1178.80   0.032523    0.016810
05 Jun 02   28.18   1195.60   0.024427    0.014151
06 Jun 02   27.00   1157.62   -0.042776   -0.032282
07 Jun 02   22.00   1140.24   -0.204794   -0.015127
10 Jun 02   21.07   1135.62   -0.043192   -0.004060
11 Jun 02   20.22   1100.97   -0.041178   -0.030987
12 Jun 02   21.58   1123.34   0.065095    0.020115
13 Jun 02   21.11   1106.54   -0.022020   -0.015068
14 Jun 02   21.28   1109.60   0.008021    0.002762
17 Jun 02   22.56   1149.91   0.058411    0.035684
18 Jun 02   22.02   1138.47   -0.024227   -0.009998
19 Jun 02   20.09   1097.54   -0.091729   -0.036614
20 Jun 02   19.24   1062.45   -0.043231   -0.032494
21 Jun 02   18.73   1035.63   -0.026865   -0.025568
24 Jun 02   19.33   1057.68   0.031532    0.021068
25 Jun 02   18.32   1022.74   -0.053665   -0.033593
26 Jun 02   18.61   1027.22   0.015706    0.004371
27 Jun 02   18.65   1050.64   0.002147    0.022543
28 Jun 02   18.27   1051.41   -0.020586   0.000733
01 Jul 02   17.54   998.17    -0.040776   -0.051964
02 Jul 02   16.57   963.66    -0.056890   -0.035185
03 Jul 02   17.75   995.68    0.068792    0.032687
05 Jul 02   19.54   1060.89   0.096078    0.063438
08 Jul 02   18.50   1014.33   -0.054693   -0.044880
09 Jul 02   17.96   990.23    -0.029624   -0.024046
10 Jul 02   16.81   959.05    -0.066173   -0.031994
11 Jul 02   18.25   998.03    0.082191    0.039840
12 Jul 02   17.99   1000.82   -0.014349   0.002792
15 Jul 02   19.12   1021.02   0.060919    0.019982
16 Jul 02   18.36   1011.30   -0.040561   -0.009565
17 Jul 02   19.44   1028.74   0.057158    0.017098
18 Jul 02   19.19   994.61    -0.012943   -0.033739
19 Jul 02   18.65   965.37    -0.028543   -0.029839
22 Jul 02   18.26   939.10    -0.021133   -0.027589
23 Jul 02   17.81   896.82    -0.024953   -0.046067
24 Jul 02   18.70   951.58    0.048763    0.059269
25 Jul 02   17.48   894.45    -0.067466   -0.061915
26 Jul 02   17.81   910.91    0.018703    0.018235
29 Jul 02   18.89   970.13    0.058873    0.062986
30 Jul 02   18.97   980.36    0.004226    0.010490
31 Jul 02   18.79   962.10    -0.009534   -0.018801
01 Aug 02   17.56   913.59    -0.067701   -0.051737
02 Aug 02   16.71   892.51    -0.049616   -0.023344
05 Aug 02   15.88   857.08    -0.050947   -0.040506
06 Aug 02   17.13   901.91    0.075771    0.050983
07 Aug 02   17.72   919.08    0.033863    0.018858
08 Aug 02   18.38   947.24    0.036569    0.030179
09 Aug 02   17.86   937.33    -0.028700   -0.010517
12 Aug 02   17.53   938.98    -0.018650   0.001759
13 Aug 02   16.70   907.62    -0.048505   -0.033968
14 Aug 02   18.29   968.84    0.090946    0.065274
15 Aug 02   18.61   980.98    0.017345    0.012453
16 Aug 02   18.75   996.06    0.007495    0.015255
19 Aug 02   19.46   1026.06   0.037167    0.029674
20 Aug 02   18.97   1008.02   -0.025502   -0.017738
21 Aug 02   19.59   1035.47   0.032160    0.026867
22 Aug 02   19.15   1049.03   -0.022717   0.013010
23 Aug 02   17.96   1010.49   -0.064156   -0.037431
26 Aug 02   18.13   1016.79   0.009421    0.006215
27 Aug 02   17.18   974.47    -0.053822   -0.042512
28 Aug 02   16.84   944.83    -0.019989   -0.030889
29 Aug 02   17.14   961.75    0.017658    0.017750
30 Aug 02   16.67   942.38    -0.027804   -0.020346
03 Sep 02   15.86   899.64    -0.049810   -0.046414
04 Sep 02   16.11   920.98    0.015640    0.023444
05 Sep 02   15.11   882.92    -0.064083   -0.042204
06 Sep 02   16.22   922.22    0.070888    0.043549
09 Sep 02   16.08   932.23    -0.008669   0.010796
10 Sep 02   16.47   947.72    0.023964    0.016480
11 Sep 02   16.62   946.40    0.009066    -0.001394
12 Sep 02   15.70   915.01    -0.056946   -0.033730
13 Sep 02   16.03   923.83    0.020801    0.009593
16 Sep 02   15.70   908.48    -0.020801   -0.016755
17 Sep 02   15.57   897.53    -0.008315   -0.012126
18 Sep 02   15.28   895.20    -0.018801   -0.002599
19 Sep 02   14.98   865.93    -0.019829   -0.033243
20 Sep 02   14.90   871.60    -0.005355   0.006527
23 Sep 02   14.13   843.08    -0.053061   -0.033269
24 Sep 02   14.34   843.61    0.014753    0.000628
25 Sep 02   15.20   880.44    0.058243    0.042731
26 Sep 02   15.15   873.74    -0.003295   -0.007639
27 Sep 02   14.62   860.35    -0.035610   -0.015444
30 Sep 02   13.89   832.52    -0.051221   -0.032882
01 Oct 02   14.67   870.63    0.054635    0.044760
02 Oct 02   14.30   849.55    -0.025545   -0.024510
03 Oct 02   13.84   833.21    -0.032697   -0.019421
04 Oct 02   13.71   815.40    -0.009437   -0.021607
07 Oct 02   13.82   804.64    0.007991    -0.013284
08 Oct 02   13.22   811.50    -0.044386   0.008489
09 Oct 02   13.46   807.42    0.017991    -0.005040
10 Oct 02   14.18   849.57    0.052110    0.050886
11 Oct 02   15.22   890.61    0.070778    0.047176
14 Oct 02   15.10   900.75    -0.007916   0.011321
15 Oct 02   16.52   950.42    0.089877    0.053676
16 Oct 02   13.54   910.13    -0.198924   -0.043317
17 Oct 02   14.23   945.06    0.049704    0.037661
18 Oct 02   14.46   956.13    0.016034    0.011645
21 Oct 02   15.45   979.35    0.066223    0.023995
22 Oct 02   15.12   963.87    -0.021591   -0.015933
23 Oct 02   16.16   989.32    0.066521    0.026061
24 Oct 02   15.63   964.91    -0.033347   -0.024983
25 Oct 02   16.59   995.55    0.059608    0.031261
28 Oct 02   16.81   979.55    0.013174    -0.016202
29 Oct 02   16.40   960.82    -0.024693   -0.019306
30 Oct 02   16.99   986.09    0.035344    0.025961
31 Oct 02   17.30   989.54    0.018082    0.003493
01 Nov 02   18.30   1019.06   0.056195    0.029396
04 Nov 02   18.77   1046.99   0.025359    0.027039
05 Nov 02   18.35   1050.39   -0.022630   0.003242
06 Nov 02   19.15   1065.86   0.042673    0.014620
07 Nov 02   18.44   1025.79   -0.037780   -0.038319
08 Nov 02   18.15   1008.35   -0.015852   -0.017148
11 Nov 02   17.34   972.48    -0.045655   -0.036221
12 Nov 02   17.79   1001.94   0.025621    0.029844
13 Nov 02   18.12   1011.94   0.018380    0.009931
14 Nov 02   19.21   1057.83   0.058415    0.044350
15 Nov 02   18.80   1061.28   -0.021574   0.003256
18 Nov 02   18.55   1045.19   -0.013387   -0.015277
19 Nov 02   18.15   1025.96   -0.021799   -0.018570
20 Nov 02   19.15   1070.53   0.053632    0.042525
21 Nov 02   20.21   1118.14   0.053875    0.043513
22 Nov 02   20.05   1116.01   -0.007948   -0.001907
25 Nov 02   20.48   1127.06   0.021220    0.009853
26 Nov 02   20.20   1087.49   -0.013766   -0.035740
27 Nov 02   20.90   1125.67   0.034067    0.034506
29 Nov 02   20.88   1116.10   -0.000957   -0.008538
02 Dec 02   21.05   1120.49   0.008109    0.003926
03 Dec 02   20.31   1088.80   -0.035787   -0.028690
04 Dec 02   19.67   1069.44   -0.032019   -0.017941
05 Dec 02   18.96   1053.06   -0.036763   -0.015435
06 Dec 02   18.71   1065.97   -0.013273   0.012185
09 Dec 02   17.68   1014.84   -0.056624   -0.049154
10 Dec 02   18.13   1033.07   0.025134    0.017804
11 Dec 02   18.16   1036.34   0.001653    0.003160
12 Dec 02   18.19   1039.95   0.001651    0.003477
13 Dec 02   17.58   1005.85   -0.034110   -0.033340
16 Dec 02   18.22   1042.44   0.035758    0.035731
17 Dec 02   17.89   1040.01   -0.018278   -0.002334
18 Dec 02   17.13   1013.67   -0.043411   -0.025653
19 Dec 02   17.00   1006.05   -0.007618   -0.007546
20 Dec 02   17.01   1013.90   0.000588    0.007773
23 Dec 02   17.21   1032.30   0.011689    0.017985
24 Dec 02   16.78   1023.29   -0.025303   -0.008766
26 Dec 02   16.69   1016.46   -0.005378   -0.006697
27 Dec 02   16.40   997.85    -0.017528   -0.018478
30 Dec 02   15.76   989.89    -0.039806   -0.008009
31 Dec 02   15.57   984.37    -0.012129   -0.005592
02 Jan 03   16.69   1027.86   0.069464    0.043232
03 Jan 03   16.54   1031.63   -0.009028   0.003661
06 Jan 03   17.18   1061.48   0.037964    0.028524
07 Jan 03   17.36   1071.85   0.010423    0.009722
08 Jan 03   16.68   1042.52   -0.039958   -0.027745
09 Jan 03   17.06   1076.05   0.022526    0.031656
10 Jan 03   17.42   1087.36   0.020882    0.010456
13 Jan 03   17.38   1083.00   -0.002299   -0.004018
14 Jan 03   17.79   1094.87   0.023316    0.010901
15 Jan 03   17.35   1073.60   -0.025044   -0.019618
16 Jan 03   17.20   1061.46   -0.008683   -0.011372
17 Jan 03   16.34   1017.58   -0.051293   -0.042218
21 Jan 03   16.29   1008.93   -0.003065   -0.008537
22 Jan 03   16.25   1006.51   -0.002459   -0.002401
23 Jan 03   16.67   1032.67   0.025518    0.025659
24 Jan 03   15.85   996.18    -0.050441   -0.035975
27 Jan 03   15.88   986.41    0.001891    -0.009856
28 Jan 03   16.03   1001.41   0.009402    0.015092
29 Jan 03   16.66   1016.56   0.038549    0.015015
30 Jan 03   15.78   985.52    -0.054267   -0.031010
31 Jan 03   15.66   983.05    -0.007634   -0.002509
03 Feb 03   15.78   987.07    0.007634    0.004081
04 Feb 03   15.64   971.73    -0.008912   -0.015663
05 Feb 03   15.58   968.97    -0.003844   -0.002844
06 Feb 03   15.41   970.55    -0.010971   0.001629
07 Feb 03   15.05   957.05    -0.023639   -0.014007
10 Feb 03   15.27   969.96    0.014512    0.013399
11 Feb 03   15.34   971.61    0.004574    0.001700
12 Feb 03   15.15   956.77    -0.012463   -0.015391
13 Feb 03   15.53   951.90    0.024773    -0.005103
14 Feb 03   16.15   982.09    0.039146    0.031223
18 Feb 03   16.73   1014.91   0.035283    0.032872
19 Feb 03   16.78   1005.88   0.002984    -0.008937
20 Feb 03   16.96   1001.47   0.010670    -0.004394
21 Feb 03   16.79   1015.92   -0.010074   0.014326
24 Feb 03   16.54   994.69    -0.015002   -0.021119
25 Feb 03   16.73   999.28    0.011422    0.004604
26 Feb 03   16.24   974.49    -0.029726   -0.025121
27 Feb 03   16.70   994.80    0.027931    0.020627
28 Feb 03   17.25   1009.74   0.032403    0.014906
03 Mar 03   16.66   991.07    -0.034802   -0.018663
04 Mar 03   16.62   982.98    -0.002404   -0.008196
05 Mar 03   16.98   990.23    0.021429    0.007348
06 Mar 03   16.66   983.96    -0.019026   -0.006352
07 Mar 03   16.01   986.82    -0.039797   0.002902
10 Mar 03   15.90   964.29    -0.006894   -0.023096
11 Mar 03   15.85   958.82    -0.003150   -0.005689
12 Mar 03   16.17   970.54    0.019988    0.012149
13 Mar 03   17.35   1029.79   0.070435    0.059258
14 Mar 03   17.17   1030.45   -0.010429   0.000641
17 Mar 03   18.06   1077.01   0.050536    0.044193
18 Mar 03   18.25   1082.19   0.010466    0.004798
19 Mar 03   17.98   1074.97   -0.014905   -0.006694
20 Mar 03   18.27   1080.24   0.016000    0.004890
21 Mar 03   18.92   1093.12   0.034959    0.011853
24 Mar 03   17.82   1047.10   -0.059898   -0.043012
25 Mar 03   18.04   1066.57   0.012270    0.018423
26 Mar 03   17.89   1066.30   -0.008350   -0.000253
27 Mar 03   17.58   1061.93   -0.017480   -0.004107
28 Mar 03   17.22   1046.72   -0.020690   -0.014427
31 Mar 03   16.28   1018.66   -0.056134   -0.027173
01 Apr 03   16.42   1022.63   0.008563    0.003890
02 Apr 03   17.52   1063.46   0.064843    0.039150
03 Apr 03   17.57   1064.06   0.002850    0.000564
04 Apr 03   17.05   1050.70   -0.030043   -0.012635
07 Apr 03   17.35   1053.28   0.017442    0.002452
08 Apr 03   17.10   1046.30   -0.014514   -0.006649
09 Apr 03   16.68   1023.52   -0.024868   -0.022012
10 Apr 03   16.88   1033.14   0.011919    0.009355
11 Apr 03   16.74   1026.15   -0.008328   -0.006789
14 Apr 03   17.16   1048.31   0.024780    0.021365
15 Apr 03   17.13   1053.08   -0.001750   0.004540
16 Apr 03   18.16   1054.89   0.058390    0.001717
17 Apr 03   18.66   1083.56   0.027161    0.026815
21 Apr 03   18.65   1081.04   -0.000536   -0.002328
22 Apr 03   19.00   1102.44   0.018593    0.019602
23 Apr 03   19.48   1112.93   0.024949    0.009470
24 Apr 03   18.95   1108.12   -0.027584   -0.004331
25 Apr 03   18.28   1083.19   -0.035996   -0.022754
28 Apr 03   18.75   1107.13   0.025386    0.021861
29 Apr 03   18.92   1116.79   0.009026    0.008687
30 Apr 03   18.40   1106.06   -0.027869   -0.009654
01 May 03   18.53   1113.21   0.007040    0.006444
02 May 03   19.03   1136.35   0.026626    0.020574
05 May 03   19.02   1136.26   -0.000526   -0.000079
06 May 03   19.53   1152.78   0.026461    0.014434
07 May 03   19.20   1135.85   -0.017041   -0.014795
08 May 03   18.87   1118.76   -0.017337   -0.015160
09 May 03   19.58   1143.55   0.036935    0.021917
12 May 03   19.99   1160.42   0.020724    0.014645
13 May 03   19.83   1155.97   -0.008036   -0.003842
14 May 03   19.66   1148.14   -0.008610   -0.006797
15 May 03   20.00   1162.93   0.017146    0.012799
16 May 03   19.50   1154.48   -0.025318   -0.007293
19 May 03   18.67   1112.49   -0.043497   -0.037049
20 May 03   18.66   1112.85   -0.000536   0.000324
21 May 03   18.84   1113.68   0.009600    0.000746
22 May 03   18.77   1131.45   -0.003722   0.015830
23 May 03   18.81   1130.05   0.002129    -0.001238
27 May 03   19.78   1172.58   0.050283    0.036945
28 May 03   19.74   1173.31   -0.002024   0.000622
29 May 03   20.83   1181.82   0.053747    0.007227
30 May 03   20.82   1197.89   -0.000480   0.013506
02 Jun 03   20.38   1185.13   -0.021360   -0.010709
03 Jun 03   21.10   1198.57   0.034719    0.011277
04 Jun 03   21.38   1224.76   0.013183    0.021616
05 Jun 03   21.84   1231.72   0.021287    0.005667
06 Jun 03   21.76   1213.11   -0.003670   -0.015224
09 Jun 03   21.67   1195.55   -0.004145   -0.014581
10 Jun 03   21.97   1212.99   0.013749    0.014482
11 Jun 03   21.89   1228.24   -0.003648   0.012494
12 Jun 03   22.14   1229.32   0.011356    0.000879
13 Jun 03   21.36   1203.91   -0.035866   -0.020887
16 Jun 03   21.87   1241.58   0.023596    0.030810
17 Jun 03   21.45   1239.63   -0.019391   -0.001572
18 Jun 03   21.75   1247.90   0.013889    0.006649
19 Jun 03   21.12   1225.89   -0.029393   -0.017795
20 Jun 03   20.67   1223.40   -0.021537   -0.002033
23 Jun 03   20.36   1200.17   -0.015111   -0.019171
24 Jun 03   20.45   1191.70   0.004411    -0.007082
25 Jun 03   20.04   1188.33   -0.020253   -0.002832
26 Jun 03   20.63   1214.58   0.029016    0.021849
27 Jun 03   20.57   1205.24   -0.002913   -0.007720
30 Jun 03   20.81   1201.69   0.011600    -0.002950
01 Jul 03   21.41   1217.37   0.028424    0.012964
02 Jul 03   22.21   1245.75   0.036685    0.023045
03 Jul 03   21.72   1231.34   -0.022309   -0.011635
07 Jul 03   22.91   1281.89   0.053340    0.040233
08 Jul 03   23.15   1298.37   0.010421    0.012774
09 Jul 03   23.48   1295.16   0.014154    -0.002475
10 Jul 03   22.91   1268.65   -0.024575   -0.020681
11 Jul 03   23.34   1280.57   0.018595    0.009352
14 Jul 03   24.02   1295.74   0.028718    0.011777
15 Jul 03   24.10   1294.47   0.003325    -0.000981
16 Jul 03   25.31   1291.99   0.048988    -0.001918
17 Jul 03   24.93   1255.94   -0.015128   -0.028299
18 Jul 03   24.66   1259.91   -0.010889   0.003156
21 Jul 03   24.06   1240.78   -0.024632   -0.015300
22 Jul 03   24.42   1257.63   0.014852    0.013489
23 Jul 03   24.81   1268.52   0.015844    0.008622
24 Jul 03   23.97   1253.76   -0.034444   -0.011704
25 Jul 03   24.91   1278.31   0.038466    0.019392
28 Jul 03   24.76   1280.53   -0.006040   0.001735
29 Jul 03   24.90   1275.17   0.005638    -0.004195
30 Jul 03   24.49   1263.78   -0.016603   -0.008972
31 Jul 03   24.89   1276.94   0.016201    0.010359
01 Aug 03   25.02   1264.34   0.005209    -0.009916
04 Aug 03   25.13   1267.38   0.004387    0.002402
05 Aug 03   24.27   1229.72   -0.034821   -0.030165
06 Aug 03   24.14   1215.13   -0.005371   -0.011935
07 Aug 03   23.99   1217.17   -0.006233   0.001677
08 Aug 03   23.58   1207.28   -0.017238   -0.008159
11 Aug 03   23.90   1223.14   0.013480    0.013051
12 Aug 03   24.37   1240.70   0.019474    0.014254
13 Aug 03   24.71   1240.37   0.013855    -0.000266
14 Aug 03   25.14   1251.90   0.017252    0.009253
15 Aug 03   25.05   1253.63   -0.003586   0.001381
18 Aug 03   26.19   1284.81   0.044504    0.024568
19 Aug 03   26.47   1299.69   0.010634    0.011515
20 Aug 03   26.36   1299.73   -0.004164   0.000031
21 Aug 03   26.39   1314.65   0.001137    0.011414
22 Aug 03   27.39   1304.54   0.037193    -0.007720
25 Aug 03   27.24   1306.64   -0.005492   0.001608
26 Aug 03   27.71   1309.05   0.017107    0.001843
27 Aug 03   28.02   1318.93   0.011125    0.007519
28 Aug 03   28.30   1332.33   0.009943    0.010108
29 Aug 03   28.59   1341.20   0.010195    0.006635
02 Sep 03   28.74   1361.09   0.005233    0.014721
03 Sep 03   28.22   1360.19   -0.018259   -0.000661
04 Sep 03   28.60   1373.26   0.013376    0.009563
05 Sep 03   28.71   1361.90   0.003839    -0.008307
08 Sep 03   29.18   1386.73   0.016238    0.018068
09 Sep 03   28.79   1370.56   -0.013455   -0.011729
10 Sep 03   27.66   1332.28   -0.040041   -0.028328
11 Sep 03   28.03   1350.80   0.013288    0.013805
12 Sep 03   28.34   1357.63   0.010999    0.005044
15 Sep 03   27.99   1347.77   -0.012427   -0.007289
16 Sep 03   28.91   1382.82   0.032340    0.025674
17 Sep 03   28.88   1376.80   -0.001038   -0.004363
18 Sep 03   29.16   1400.13   0.009649    0.016803
19 Sep 03   29.17   1392.26   0.000343    -0.005637
22 Sep 03   28.52   1366.32   -0.022535   -0.018807
23 Sep 03   28.94   1388.15   0.014619    0.015851
24 Sep 03   27.78   1339.64   -0.040908   -0.035571
25 Sep 03   27.45   1325.75   -0.011950   -0.010423
26 Sep 03   27.27   1309.31   -0.006579   -0.012478
29 Sep 03   28.37   1335.51   0.039545    0.019813
30 Sep 03   27.52   1303.70   -0.030419   -0.024107
01 Oct 03   28.63   1335.34   0.039542    0.023980
02 Oct 03   28.62   1337.10   -0.000349   0.001317
03 Oct 03   29.61   1375.32   0.034006    0.028183
06 Oct 03   29.56   1381.70   -0.001690   0.004628
07 Oct 03   29.95   1392.56   0.013107    0.007829
08 Oct 03   29.67   1382.40   -0.009393   -0.007323
09 Oct 03   29.77   1396.95   0.003365    0.010470
10 Oct 03   30.43   1404.87   0.021928    0.005653
13 Oct 03   30.80   1414.72   0.012086    0.006987
14 Oct 03   31.08   1420.66   0.009050    0.004190
15 Oct 03   31.76   1417.59   0.021643    -0.002163
16 Oct 03   32.23   1426.71   0.014690    0.006413
17 Oct 03   31.66   1394.02   -0.017844   -0.023179
20 Oct 03   32.16   1409.31   0.015669    0.010909
21 Oct 03   32.12   1422.13   -0.001245   0.009056
22 Oct 03   31.52   1387.40   -0.018857   -0.024724
23 Oct 03   31.22   1378.11   -0.009563   -0.006718
24 Oct 03   31.08   1370.61   -0.004494   -0.005457
27 Oct 03   31.42   1377.41   0.010880    0.004949
28 Oct 03   32.67   1420.02   0.039013    0.030466
29 Oct 03   32.80   1419.92   0.003971    -0.000070
30 Oct 03   32.89   1417.38   0.002740    -0.001790
31 Oct 03   32.95   1416.39   0.001823    -0.000699
03 Nov 03   34.04   1443.13   0.032545    0.018703
04 Nov 03   33.68   1429.38   -0.010632   -0.009574
05 Nov 03   33.74   1429.56   0.001780    0.000126
06 Nov 03   34.12   1440.08   0.011200    0.007332
07 Nov 03   33.87   1436.73   -0.007354   -0.002329
10 Nov 03   33.39   1414.62   -0.014273   -0.015509
11 Nov 03   33.41   1409.64   0.000599    -0.003527
12 Nov 03   34.10   1443.52   0.020442    0.023750
13 Nov 03   33.78   1439.87   -0.009428   -0.002532
14 Nov 03   32.80   1407.51   -0.029440   -0.022731
17 Nov 03   32.23   1393.75   -0.017531   -0.009824
18 Nov 03   31.84   1364.70   -0.012174   -0.021063
19 Nov 03   32.52   1378.90   0.021132    0.010351
20 Nov 03   31.83   1363.49   -0.021446   -0.011238
21 Nov 03   32.32   1373.32   0.015277    0.007184
24 Nov 03   33.46   1419.31   0.034664    0.032940
25 Nov 03   33.07   1411.36   -0.011724   -0.005617
26 Nov 03   33.35   1420.11   0.008431    0.006181
28 Nov 03   33.54   1424.25   0.005681    0.002911
01 Dec 03   34.04   1447.08   0.014798    0.015902
02 Dec 03   33.85   1431.89   -0.005597   -0.010552
03 Dec 03   33.34   1419.77   -0.015181   -0.008500
04 Dec 03   33.54   1432.38   0.005981    0.008843
05 Dec 03   32.10   1406.91   -0.043883   -0.017942
08 Dec 03   31.64   1418.05   -0.014434   0.007887
09 Dec 03   30.25   1383.66   -0.044926   -0.024551
10 Dec 03   30.42   1388.96   0.005604    0.003823
11 Dec 03   30.91   1416.96   0.015979    0.019958
12 Dec 03   30.86   1417.27   -0.001619   0.000219
15 Dec 03   30.24   1396.82   -0.020295   -0.014534
16 Dec 03   30.26   1403.28   0.000661    0.004614
17 Dec 03   30.17   1400.00   -0.002979   -0.002340
18 Dec 03   30.90   1431.31   0.023908    0.022118
19 Dec 03   30.57   1426.17   -0.010737   -0.003598
22 Dec 03   30.42   1431.71   -0.004919   0.003877
23 Dec 03   31.11   1448.17   0.022429    0.011431
24 Dec 03   31.08   1443.19   -0.000965   -0.003445
26 Dec 03   31.36   1443.86   0.008969    0.000464
29 Dec 03   32.15   1470.37   0.024879    0.018194
30 Dec 03   32.04   1470.01   -0.003427   -0.000245
31 Dec 03   32.05   1467.92   0.000312    -0.001423
02 Jan 04   32.16   1463.57   0.003426    -0.002968
05 Jan 04   32.91   1496.58   0.023053    0.022304
06 Jan 04   32.90   1501.26   -0.000304   0.003122
07 Jan 04   33.99   1514.26   0.032594    0.008622
08 Jan 04   34.24   1530.65   0.007328    0.010766
09 Jan 04   33.97   1520.46   -0.007917   -0.006680
12 Jan 04   34.15   1539.77   0.005285    0.012620
13 Jan 04   33.59   1524.78   -0.016534   -0.009783
14 Jan 04   33.39   1534.08   -0.005972   0.006081
15 Jan 04   33.06   1532.01   -0.009932   -0.001350
16 Jan 04   32.89   1553.62   -0.005155   0.014007
20 Jan 04   32.61   1552.87   -0.008550   -0.000483
21 Jan 04   32.20   1546.60   -0.012653   -0.004046
22 Jan 04   31.63   1530.42   -0.017860   -0.010517
23 Jan 04   31.75   1531.21   0.003787    0.000516
26 Jan 04   32.43   1553.66   0.021191    0.014555
27 Jan 04   31.63   1519.23   -0.024978   -0.022410
28 Jan 04   31.38   1491.57   -0.007935   -0.018374
29 Jan 04   30.89   1496.40   -0.015738   0.003233
30 Jan 04   30.52   1493.08   -0.012050   -0.002221
02 Feb 04   30.32   1487.84   -0.006575   -0.003516
03 Feb 04   31.40   1491.85   0.035000    0.002692
04 Feb 04   30.02   1462.61   -0.044944   -0.019794
05 Feb 04   29.92   1465.03   -0.003337   0.001653
06 Feb 04   30.88   1498.95   0.031582    0.022889
09 Feb 04   30.57   1490.91   -0.010090   -0.005378
10 Feb 04   30.54   1500.29   -0.000982   0.006272
11 Feb 04   30.99   1514.18   0.014627    0.009216
12 Feb 04   30.74   1501.34   -0.008100   -0.008516
13 Feb 04   30.14   1484.47   -0.019712   -0.011300
17 Feb 04   30.81   1506.57   0.021986    0.014778
18 Feb 04   30.60   1507.49   -0.006839   0.000610
19 Feb 04   29.89   1484.80   -0.023476   -0.015166
20 Feb 04   30.00   1482.10   0.003673    -0.001820
23 Feb 04   29.00   1463.75   -0.033902   -0.012458
24 Feb 04   29.20   1462.05   0.006873    -0.001162
25 Feb 04   29.62   1470.22   0.014281    0.005572
26 Feb 04   29.50   1477.13   -0.004060   0.004689
27 Feb 04   29.20   1470.38   -0.010222   -0.004580
01 Mar 04   29.69   1489.49   0.016642    0.012913
02 Mar 04   29.60   1473.22   -0.003036   -0.010983
03 Mar 04   29.04   1466.09   -0.019100   -0.004851
04 Mar 04   29.65   1481.36   0.020788    0.010362
05 Mar 04   28.95   1472.99   -0.023892   -0.005666
08 Mar 04   27.70   1441.12   -0.044138   -0.021874
09 Mar 04   27.98   1437.47   0.010058    -0.002536
10 Mar 04   27.31   1417.50   -0.024237   -0.013990
11 Mar 04   27.08   1402.20   -0.008457   -0.010852
12 Mar 04   27.69   1431.40   0.022276    0.020611
15 Mar 04   27.10   1399.87   -0.021538   -0.022274
16 Mar 04   27.16   1407.07   0.002212    0.005130
17 Mar 04   27.79   1428.89   0.022931    0.015388
18 Mar 04   27.20   1417.77   -0.021459   -0.007813
19 Mar 04   26.49   1398.58   -0.026450   -0.013628
22 Mar 04   26.23   1381.39   -0.009864   -0.012367
23 Mar 04   26.16   1370.04   -0.002672   -0.008250
24 Mar 04   26.53   1381.86   0.014045    0.008590
25 Mar 04   27.79   1425.86   0.046400    0.031345
26 Mar 04   27.38   1415.39   -0.014863   -0.007370
29 Mar 04   27.69   1442.31   0.011259    0.018841
30 Mar 04   27.43   1445.25   -0.009434   0.002036
31 Mar 04   27.20   1438.41   -0.008420   -0.004744
01 Apr 04   27.38   1453.22   0.006596    0.010243
02 Apr 04   28.12   1490.30   0.026668    0.025196
05 Apr 04   28.55   1508.37   0.015176    0.012052
06 Apr 04   28.27   1493.58   -0.009856   -0.009854
07 Apr 04   27.62   1481.96   -0.023261   -0.007810
08 Apr 04   27.37   1485.51   -0.009093   0.002393
12 Apr 04   27.60   1495.93   0.008368    0.006990
13 Apr 04   27.67   1472.88   0.002533    -0.015528
14 Apr 04   27.37   1475.66   -0.010901   0.001886
15 Apr 04   26.66   1459.45   -0.026283   -0.011046
16 Apr 04   26.45   1449.06   -0.007908   -0.007145
19 Apr 04   26.68   1473.48   0.008658    0.016712
20 Apr 04   26.07   1436.90   -0.023129   -0.025139
21 Apr 04   26.28   1451.01   0.008023    0.009772
22 Apr 04   26.52   1485.50   0.009091    0.023492
23 Apr 04   27.53   1497.01   0.037377    0.007718
26 Apr 04   27.15   1480.53   -0.013899   -0.011070
27 Apr 04   26.88   1479.47   -0.009995   -0.000716
28 Apr 04   26.35   1453.03   -0.019914   -0.018033
29 Apr 04   26.13   1431.36   -0.008384   -0.015026
30 Apr 04   25.73   1401.36   -0.015426   -0.021182
03 May 04   26.04   1415.29   0.011976    0.009891
04 May 04   26.28   1422.11   0.009174    0.004807
05 May 04   26.20   1428.42   -0.003049   0.004427
06 May 04   25.98   1415.60   -0.008432   -0.009015
07 May 04   26.47   1406.19   0.018685    -0.006670
10 May 04   26.55   1397.10   0.003018    -0.006485
11 May 04   27.77   1421.89   0.044927    0.017588
12 May 04   27.57   1414.83   -0.007228   -0.004978
13 May 04   27.44   1417.09   -0.004726   0.001596
14 May 04   27.04   1399.85   -0.014685   -0.012240
17 May 04   26.84   1379.90   -0.007424   -0.014354
18 May 04   27.15   1397.47   0.011484    0.012652
19 May 04   27.11   1396.34   -0.001474   -0.000809
20 May 04   27.41   1396.87   0.011005    0.000379
21 May 04   27.55   1408.17   0.005095    0.008057
24 May 04   27.74   1413.97   0.006873    0.004110
25 May 04   28.10   1447.72   0.012894    0.023589
26 May 04   28.37   1453.87   0.009563    0.004239
27 May 04   28.45   1463.11   0.002816    0.006335
28 May 04   28.55   1466.22   0.003509    0.002123
01 Jun 04   28.33   1468.54   -0.007736   0.001581
02 Jun 04   28.01   1464.22   -0.011360   -0.002946
03 Jun 04   27.41   1445.21   -0.021654   -0.013068
04 Jun 04   28.14   1455.04   0.026284    0.006779
07 Jun 04   28.75   1491.45   0.021446    0.024715
08 Jun 04   28.99   1495.97   0.008313    0.003026
09 Jun 04   28.40   1469.50   -0.020562   -0.017853
10 Jun 04   28.64   1481.27   0.008415    0.007978
14 Jun 04   27.99   1458.64   -0.022957   -0.015395
15 Jun 04   28.43   1479.20   0.015598    0.013997
16 Jun 04   28.12   1479.99   -0.010964   0.000534
17 Jun 04   27.63   1464.03   -0.017579   -0.010842
18 Jun 04   27.64   1464.65   0.000362    0.000423
21 Jun 04   27.52   1453.23   -0.004351   -0.007828
22 Jun 04   28.04   1474.87   0.018719    0.014781
23 Jun 04   28.52   1493.52   0.016974    0.012566
24 Jun 04   27.95   1488.31   -0.020188   -0.003495
25 Jun 04   27.78   1498.38   -0.006101   0.006743
28 Jun 04   27.38   1493.07   -0.014504   -0.003550
29 Jun 04   27.60   1505.65   0.008003    0.008390
30 Jun 04   27.60   1516.64   0.000000    0.007273
01 Jul 04   27.02   1489.57   -0.021238   -0.018010
02 Jul 04   26.33   1481.19   -0.025868   -0.005642
06 Jul 04   26.11   1445.71   -0.008391   -0.024245
07 Jul 04   26.34   1452.49   0.008770    0.004679
08 Jul 04   26.22   1431.13   -0.004566   -0.014815
09 Jul 04   26.57   1440.00   0.013260    0.006179
12 Jul 04   26.24   1432.11   -0.012498   -0.005494
13 Jul 04   26.14   1428.68   -0.003818   -0.002398
14 Jul 04   23.38   1416.05   -0.111586   -0.008880
15 Jul 04   23.15   1415.92   -0.009886   -0.000092
16 Jul 04   22.73   1392.17   -0.018309   -0.016916
19 Jul 04   22.91   1396.77   0.007888    0.003299
20 Jul 04   23.24   1421.07   0.014301    0.017248
21 Jul 04   22.56   1386.57   -0.029697   -0.024577
22 Jul 04   23.27   1408.51   0.030987    0.015699
23 Jul 04   22.67   1375.48   -0.026123   -0.023730
26 Jul 04   22.97   1368.40   0.013147    -0.005161
27 Jul 04   23.27   1391.50   0.012976    0.016740
28 Jul 04   23.46   1383.75   0.008132    -0.005585
29 Jul 04   24.24   1398.55   0.032707    0.010639
30 Jul 04   24.38   1400.39   0.005759    0.001315
02 Aug 04   24.90   1406.33   0.021105    0.004233
03 Aug 04   24.17   1379.14   -0.029756   -0.019523
04 Aug 04   23.97   1379.21   -0.008309   0.000051
05 Aug 04   23.67   1353.44   -0.012595   -0.018861
06 Aug 04   22.77   1315.30   -0.038765   -0.028585
09 Aug 04   22.57   1318.83   -0.008822   0.002680
10 Aug 04   22.54   1346.71   -0.001330   0.020920
11 Aug 04   22.16   1324.65   -0.017003   -0.016516
12 Aug 04   21.24   1304.43   -0.042403   -0.015382
13 Aug 04   21.56   1307.82   0.014954    0.002595
16 Aug 04   21.42   1326.84   -0.006515   0.014439
17 Aug 04   21.51   1335.72   0.004193    0.006670
18 Aug 04   22.22   1363.73   0.032475    0.020753
19 Aug 04   22.01   1353.24   -0.009496   -0.007722
20 Aug 04   21.62   1366.73   -0.017878   0.009919
23 Aug 04   21.89   1370.90   0.012411    0.003046
24 Aug 04   21.67   1369.78   -0.010101   -0.000817
25 Aug 04   21.95   1389.17   0.012838    0.014056
26 Aug 04   21.77   1383.98   -0.008234   -0.003743
27 Aug 04   22.02   1388.56   0.011418    0.003304
30 Aug 04   21.60   1367.94   -0.019258   -0.014961
31 Aug 04   21.29   1368.68   -0.014456   0.000541
01 Sep 04   21.43   1377.96   0.006554    0.006757
02 Sep 04   21.63   1398.34   0.009289    0.014682
03 Sep 04   20.05   1371.82   -0.075852   -0.019147
07 Sep 04   19.89   1381.84   -0.008012   0.007278
08 Sep 04   19.72   1376.77   -0.008584   -0.003676
09 Sep 04   20.17   1391.53   0.022563    0.010664
10 Sep 04   20.57   1413.00   0.019637    0.015311
13 Sep 04   20.80   1427.34   0.011119    0.010097
14 Sep 04   20.77   1434.37   -0.001443   0.004913
15 Sep 04   20.42   1415.30   -0.016995   -0.013384
16 Sep 04   20.11   1417.97   -0.015298   0.001885
17 Sep 04   20.59   1426.30   0.023588    0.005857
